143
241
249
256
324
333
369
397
478
479
480
482
483
484
488
493
494
495
498
501
502
504
536
540
706
982
1021
1049
1054
1084
1090
1099
1136
1144
1164
1166
1182
1184
1186
1187
1188
1196
1198
1199
1200
1201
1202
1206
1213
1214
1216
1221
1224
1227
1229
1230
1233
1234
1236
1237
1238
1239
1242
1243
1244
1246
1252
1256
1261
1263
1265
1266
1267
1268
1275
1280
1284
1285
1286
1310
1314
1317
1322
1325
1329
1341
1343
1349
1356
1358
1360
1363
1365
1369
1371
1372
1376
1378
1384
1387
1398
1402
1407
1408
1409
1411
1415
1417
1419
1420
1424
1430
1441
1442
1443
1448
1449
1450
1452
1453
1454
1457
1468
1472
1475
1476
1490
1491
1492
1496
1498
1505
1506
1509
1512
1514
1515
1520
1526
1528
1530
1535
1536
1537
1538
1539
1543
1547
1548
1554
1555
1561
1564
1566
1569
1571
1573
1578
1581
1583
1588
1594
1595
1603
1604
1607
1611
1619
1620
1623
1629
1631
1638
1642
1648
1659
1674
1675
1676
1677
1678
1679
1680
1681
1682
1683
1684
1685
1686
1687
1688
1689
1690
1691
1692
1693
1694
1695
1696
1697
1698
1699
1700
1701
1702
1703
1704
1705
1706
1707
1708
1709
1710
1711
1712
1713
1714
1715
1718
1722
1724
1727
1730
1731
1732
1733
1734
1735
1736
1737
1739
1740
1744
1746
1748
1749
1750
1751
1753
1754
1755
1758
1759
1763
1765
1767
1770
1789
1812
1816
1844
1846
1847
1849
1852
1855
1857
1867
1868
1869
1870
1876
1891
1892
1899
1900
1903
1916
1917
1918
1923
1927
1929
1930
1934
1936
1940
1941
1942
1943
1946
1950
1951
1952
1955
1956
1957
1958
1959
1960
1963
1967
1971
1974
1975
1976
1978
1980
1982
1994
1995
1998
2018
2022
2024
2028
2029
2031
2036
2037
2045
2046
2048
2049
2054
2055
2056
2057
2058
2060
2061
2062
2064
2072
2074
2081
2084
2085
2098
2101
2107
2108
2111
2112
2114
2115
2119
2123
2127
2128
2130
2131
2137
2145
2148
2149
2150
2152
2153
2154
2156
2168
2173
2177
2181
2185
2186
2189
2192
2193
2194
2197
2200
2202
2204
2206
2209
2211
2212
2214
2218
2223
2224
2227
2228
2238
2240
2246
2250
2251
2256
2262
2264
2268
2272
2275
2281
2283
2291
2293
2299
2306
2316
2325
2328
2332
2336
2339
2342
2346
2347
2348
2351
2352
2356
2360
2361
2364
2365
2366
2373
2379
2383
2385
2390
2396
2397
2398
2400
2401
2403
2404
2412
2413
2415
2417
2419
2420
2429
2432
2433
2434
2439
2441
2442
2447
2451
2452
2453
2454
2455
2460
2461
2462
2463
2466
2474
2475
2479
2480
2481
2492
2494
2496
2497
2501
2502
2503
2504
2514
2517
2519
2520
2527
2528
2532
2535
2536
2537
2548
2555
2556
2557
2558
2564
2565
2576
2590
2593
2605
2606
2608
2610
2611
2614
2620
2626
2627
2628
2629
2630
2631
2632
2633
2634
2635
2636
2637
2638
2639
2640
2641
2642
2643
2644
2645
2646
2647
2648
2649
2650
2651
2652
2655
2660
2661
2664
2667
2673
2677
2680
2681
2683
2685
2699
2700
2704
2705
2706
2708
2710
2716
2718
2719
2720
2721
2722
2723
2724
2725
2728
2730
2736
2737
2739
2743
2744
2745
2751
2752
2758
2764
2774
2778
2781
2784
2785
2787
2788
2791
2794
2795
2799
2805
2806
2807
2809
2811
2812
2837
2838
2839
2841
2842
2843
2845
2846
2847
2849
2850
2863
2865
2867
2878
2879
2885
2886
2889
2891
2892
2893
2894
2895
2900
2901
2902
2907
2921
2922
2923
2928
2929
2931
2948
2949
2953
2959
2961
2965
2974
2994
2995
2998
2999
3000
3001
3004
3010
3011
3016
3017
3018
3021
3027
3037
3041
3043
3044
3045
3046
3047
3049
3050
3068
3077
3112
3116
3117
3118
3119
3123
3128
3131
3147
3149
3152
3154
3155
3156
3157
3159
3161
3162
3163
3165
3166
3168
3173
3176
3178
3180
3186
3188
3189
3194
3199
3211
3215
3220
3221
3222
3223
3225
3231
3232
3240
3262
3269
3272
3280
3281
3283
3286
3295
3299
3301
3306
3307
3319
3327
3333
3336
3338
3344
3347
3367
3429
3434
3500
3656
3703
3705
3711
3717
3719
3721
3722
3723
3724
3726
3727
3740
3753
3758
3760
3809
3810
3811
3812
3813
3814
3815
3816
3817
3818
3819
3820
3821
3822
3823
3824
3825
3826
3827
3828
3829
3830
3831
3869
3870
3886
3894
3903
3915
3920
3922
3929
3932
3933
3943
3944
3946
3947
3949
3953
3956
3958
3960
3961
3963
3965
3967
3968
3975
3987
3990
3995
3996
4002
4005
4006
4010
4011
4014
4017
4019
4020
4021
4022
4023
4027
4031
4037
4038
4040
4041
4044
4046
4047
4048
4054
4057
4058
4059
4062
4068
4069
4073
4075
4077
4078
4083
4084
4086
4090
4091
4093
4095
4096
4097
4098
4099
4101
4102
4103
4115
4126
4130
4132
4133
4136
4145
4146
4147
4151
4154
4155
4156
4158
4159
4163
4170
4171
4172
4173
4176
4180
4181
4182
4183
4184
4185
4186
4188
4192
4199
4202
4203
4207
4209
4217
4218
4224
4225
4226
4227
4229
4230
4231
4233
4234
4235
4237
4238
4240
4246
4247
4250
4252
4255
4259
4260
4262
4263
4264
4268
4272
4275
4276
4277
4278
4279
4280
4282
4283
4284
4285
4288
4289
4290
4292
4293
4296
4298
4300
4304
4306
4307
4308
4309
4310
4312
4313
4315
4316
4317
4318
4319
4320
4321
4322
4323
4328
4331
4332
4333
4334
4336
4337
4338
4343
4344
4345
4347
4348
4350
4354
4357
4358
4360
4363
4365
4367
4373
4374
4375
4376
4378
4379
4380
4381
4382
4385
4387
4388
4389
4391
4393
4395
4396
4397
4400
4401
4408
4409
4413
4414
4415
4417
4418
4419
4420
4422
4423
4425
4426
4427
4428
4429
4431
4437
4443
4447
4451
4453
4455
4456
4457
4460
4462
4465
4471
4472
4474
4476
4480
4481
4487
4491
4496
4498
4500
4506
4507
4508
4509
4510
4520
4521
4525
4526
4527
4528
4534
4536
4539
4540
4544
4545
4548
4549
4551
4552
4553
4554
4555
4558
4560
4563
4564
4566
4567
4569
4570
4571
4573
4574
4575
4576
4579
4580
4582
4583
4586
4587
4589
4590
4592
4593
4594
4595
4596
4602
4603
4605
4607
4615
4620
4622
4624
4625
4626
4628
4629
4631
4632
4633
4636
4638
4639
4642
4643
4644
4649
4652
4657
4661
4664
4668
4671
4681
4682
4685
4687
4689
4690
4692
4697
4703
4704
4705
4706
4707
4708
4712
4714
4715
4716
4718
4719
4720
4721
4725
4727
4731
4746
4762
4763
4766
4769
4770
4772
4777
4778
4779
4782
4783
4785
4787
4789
4793
4797
4800
4803
4805
4806
4808
4809
4811
4812
4813
4814
4815
4816
4822
4823
4828
4830
4831
4839
4840
4841
4843
4856
4858
4867
4879
4881
4883
4885
4894
4895
4896
4897
4898
4899
4902
4906
4909
4911
4912
4924
4930
4937
4938
4939
4941
4943
4944
4951
4952
4954
4955
4959
4962
4977
4984
4985
4989
4991
4993
4994
4995
4998
5001
5002
5016
5020
5022
5023
5029
5030
5033
5037
5042
5048
5050
5052
5054
5055
5056
5059
5060
5064
5069
5070
5072
5073
5074
5076
5077
5079
5080
5081
5082
5094
5095
5102
5107
5108
5109
5110
5112
5113
5115
5118
5119
5121
5132
5135
5141
5144
5145
5146
5154
5155
5156
5160
5162
5165
5167
5177
5180
5181
5182
5187
5188
5191
5196
5198
5199
5202
5203
5205
5207
5230
5232
5233
5237
5240
5241
5242
5247
5249
5250
5254
5259
5264
5266
5272
5275
5280
5284
5293
5294
5295
5304
5307
5309
5313
5318
5323
5324
5326
5327
5331
5332
5334
5335
5339
5344
5351
5353
5355
5357
5360
5361
5366
5371
5380
5386
5393
5396
5397
5399
5401
5406
5409
5410
5411
5414
5417
5418
5427
5428
5430
5431
5432
5433
5435
5436
5438
5440
5441
5444
5446
5450
5451
5460
5466
5472
5477
5478
5479
5482
5484
5492
5493
5495
5496
5505
5506
5507
5510
5527
5529
5531
5532
5538
5542
5543
5551
5552
5554
5558
5560
5561
5563
5568
5570
5573
5574
5577
5579
5583
5586
5605
5614
5622
5626
5627
5649
5651
5655
5659
5668
5670
5674
5680
5681
5691
5693
5700
5701
5705
5708
5712
5713
5716
5717
5719
5720
5721
5722
5731
5732
5734
5735
5744
5745
5747
5750
5752
5765
5766
5769
5774
5775
5776
5781
5783
5790
5796
5801
5803
5805
5808
5809
5810
5811
5816
5818
5828
5856
5857
5858
5859
5861
5869
5873
5877
5880
5885
5888
5889
5892
5898
5902
5911
5912
5916
5920
5921
5922
5926
5928
5931
5935
5937
5939
5945
5950
5953
5954
5958
5962
5963
5968
5970
5973
5979
5980
5981
5986
5993
5999
6001
6006
6007
6008
6013
6015
6018
6019
6020
6023
6029
6038
6051
6059
6061
6065
6067
6069
6073
6077
6082
6084
6085
6101
6110
6113
6118
6124
6129
6140
6141
6145
6146
6147
6151
6156
6162
6164
6167
6178
6179
6180
6190
6191
6192
6193
6198
6204
6207
6209
6211
6213
6216
6226
6230
6231
6234
6235
6251
6254
6255
6256
6258
6260
6270
6274
6286
6289
6294
6295
6296
6309
6311
6314
6319
6320
6321
6322
6324
6327
6331
6332
6342
6343
6344
6346
6353
6357
6359
6360
6362
6363
6364
6368
6369
6372
6373
6380
6386
6387
6396
6398
6402
6406
6410
6416
6427
6428
6430
6431
6433
6434
6443
6444
6445
6447
6448
6456
6457
6458
6459
6460
6461
6462
6463
6467
6468
6469
6470
6471
6473
6490
6491
6495
6502
6509
6518
6519
6522
6527
6530
6531
6542
6549
6559
6566
6570
6571
6573
6574
6578
6579
6580
6581
6583
6585
6587
6589
6590
6592
6593
6599
6601
6602
6605
6607
6611
6614
6617
6618
6622
6623
6626
6628
6631
6635
6639
6640
6643
6645
6649
6652
6654
6655
6666
6667
6671
6672
6675
6676
6683
6684
6703
6709
6718
6719
6720
6728
6742
6744
6746
6747
6748
6752
6756
6762
6764
6766
6768
6769
6770
6774
6775
6776
6777
6779
6780
6789
6790
6792
6796
6814
6816
6817
6819
6821
6835
6837
6839
6842
6846
6849
6850
6853
6856
6857
6859
6860
6863
6864
6867
6869
6870
6872
6876
6877
6878
6882
6884
6887
6888
6892
6894
6895
6899
6902
6910
6927
6944
6945
6947
6950
6951
6955
6958
6969
6974
6981
6982
6986
6990
6993
7000
7001
7005
7007
7018
7022
7024
7025
7026
7027
7028
7041
7042
7044
7049
7051
7054
7062
7180
7182
7196
7199
7201
7209
7212
7215
7216
7219
7221
7227
7228
7235
7241
7242
7244
7245
7248
7252
7255
7260
7262
7273
7274
7278
7279
7285
7286
7288
7291
7307
7308
7309
7322
7330
7331
7332
7335
7336
7337
7339
7342
7344
7348
7354
7355
7356
7359
7375
7379
7388
7391
7403
7407
7409
7410
7413
7416
7419
7420
7423
7424
7429
7430
7432
7437
7439
7442
7458
7460
7461
7469
7472
7478
7488
7493
7494
7503
7504
7506
7513
7514
7517
7525
7526
7532
7533
7535
7542
7543
7544
7545
7546
7547
7551
7582
7583
7591
7607
7609
7611
7613
7614
7622
7635
7639
7641
7642
7643
7644
7645
7647
7658
7663
7688
7689
7693
7694
7695
7697
7698
7714
7716
7717
7720
7723
7728
7730
7731
7738
7741
7742
7746
7748
7749
7752
7754
7759
7767
7770
7777
7789
7792
7793
7795
7796
7797
7798
7799
7800
7801
7802
7803
7804
7805
7806
7812
7815
7819
7822
7835
7837
7838
7839
7847
7857
7862
7863
7867
7869
7881
7894
7901
7927
7973
7974
7978
7997
7998
7999
8000
8001
8002
8003
8004
8005
8006
8007
8008
8009
8010
8011
8012
8027
8028
8032
8101
8106
8107
8116
8118
8121
8122
8127
8130
8136
8144
8145
8146
8152
8156
8164
8166
8205
8206
8208
8212
8224
8227
8229
8230
8231
8233
8234
8236
8241
8245
8250
8254
8255
8256
8274
8276
8277
8281
8282
8283
8288
8290
8293
8296
8297
8301
8303
8304
8305
8306
8307
8308
8309
8310
8311
8312
8315
8316
8318
8352
8353
8354
8359
8366
8379
8383
8386
8387
8388
8389
8390
8392
8396
8397
8402
8408
8414
8415
8418
8419
8420
8423
8426
8433
8436
8439
8442
8444
8446
8449
8458
8459
8463
8467
8477
8478
8481
8488
8489
8494
8495
8499
8502
8512
8514
8519
8534
8536
8538
8539
8540
8543
8546
8554
8556
8562
8563
8603
8604
8605
8606
8607
8608
8609
8610
8611
8612
8613
8614
8615
8616
8617
8618
8619
8620
8621
8622
8623
8624
8627
8628
8629
8630
8631
8635
8636
8645
8646
8647
8648
8654
8657
8659
8660
8661
8663
8665
8668
8669
8670
8680
8681
8684
8694
8703
8706
8708
8713
8714
8722
8723
8731
8732
8736
8738
8739
8740
8744
8745
8751
8767
8768
8769
8770
8775
8777
8778
8803
8808
8809
8816
8820
8821
8822
8825
8826
8833
8839
8842
8857
8858
8861
8863
8869
8872
8893
8895
8900
8901
8906
8909
8912
8913
8916
8917
8918
8919
8922
8927
8929
8932
8944
8948
8949
8951
8953
8954
8957
8964
8967
9000
9007
9027
9031
9037
9041
9044
9053
9056
9058
9062
9064
9081
9086
9090
9098
9101
9109
9119
9120
9128
9132
9140
9141
9149
9153
9156
9160
9163
9164
9168
9169
9170
9171
9172
9182
9190
9194
9199
9201
9204
9225
9227
9233
9234
9236
9252
9262
9263
9271
9284
9297
9298
9300
9309
9311
9315
9316
9317
9318
9319
9322
9323
9325
9349
9408
9410
9411
9412
9413
9414
9415
9418
9420
9421
9423
9452
9453
9474
9475
9477
9480
9497
9498
9500
9502
9504
9507
9511
9512
9517
9534
9535
9537
9544
9546
9554
9555
9560
9562
9575
9587
9596
9597
9601
9602
9603
9608
9611
9614
9618
9624
9625
9634
9635
9655
9660
9663
9664
9666
9668
9669
9670
9671
9672
9673
9675
9676
9689
9706
9707
9708
9709
9712
9714
9723
9724
9732
9747
9751
9752
9753
9754
9755
9764
9767
9779
9781
9782
9785
9786
9788
9791
9793
9796
9798
9799
9802
9803
9805
9814
9816
9818
9819
9821
9843
9854
9857
9861
9864
9866
9868
9871
9872
9873
9884
9885
9886
9889
9895
9901
9902
9935
9936
9938
9940
9941
9951
9968
9974
9976
9977
9983
9984
9990
10007
10009
10014
10019
10026
10027
10031
10038
10051
10067
10073
10075
10079
10082
10089
10094
10096
10097
10099
10101
10114
10117
10118
10125
10129
10131
10164
10167
10171
10179
10183
10184
10189
10192
10253
10254
10257
10258
10267
10291
10293
10294
10299
10302
10328
10341
10348
10349
10352
10357
10376
10381
10384
10386
10387
10403
10409
10410
10413
10416
10423
10425
10439
10454
10455
10458
10462
10472
10476
10486
10487
10490
10491
10492
10494
10501
10505
10506
10533
10534
10535
10537
10549
10556
10561
10563
10566
10570
10575
10584
10591
10592
10612
10613
10616
10622
10637
10639
10663
10672
10674
10675
10680
10681
10687
10690
10692
10700
10704
10719
10722
10734
10736
10737
10739
10740
10750
10752
10754
10757
10771
10775
10776
10787
10794
10799
10804
10835
10840
10844
10845
10849
10905
10928
10929
10934
10956
10978
10998
11027
11028
11029
11039
11070
11071
11072
11076
11086
11091
11103
11105
11116
11153
11155
11169
11183
11190
11191
11193
11194
11195
11199
11215
11247
11248
11252
11258
11259
11261
11262
11265
11266
11267
11268
11274
11276
11279
11281
11283
11293
11295
11313
11321
11323
11331
11332
11333
11338
11341
11347
11348
11355
11360
11366
11367
11416
11420
11422
11426
11472
11479
11487
11518
12102
12116
12117
12123
12124
12130
12155
12157
12159
12164
12169
12170
12171
12172
12174
12179
12183
12186
12198
12227
12230
12236
12242
12255
12266
12269
12270
12271
12272
12273
12282
12289
12291
12293
12295
12325
12327
12332
12335
12340
12373
12380
12390
12392
12398
12400
12401
12402
12408
12409
12410
12413
12417
12418
12422
12423
12429
12444
12464
12465
12466
12477
12483
12485
12490
12492
12497
12498
12499
12502
12504
12506
12507
12511
12538
12547
12560
12571
12572
12573
12576
12578
12596
12600
12602
12604
12606
12607
12623
12625
12634
12642
12656
12657
12662
12671
12684
12686
12695
12709
12711
12732
12737
12740
12741
12742
12749
12757
12794
12796
12800
12851
12855
12857
12860
12865
12866
12868
12869
12871
12873
12889
12891
12901
12903
12904
12910
12912
12914
12920
12921
12927
12936
12941
12947
12955
12987
12988
12989
12993
12994
13000
13003
13013
13051
13056
13062
13063
13065
13067
13074
13080
13086
13108
13121
13129
13135
13136
13138
13139
13143
13155
13171
13173
13178
13181
13187
13188
13189
13194
13205
13207
13210
13219
13221
13223
13276
13281
13282
13283
13286
13288
13289
13291
13292
13300
13307
13310
13311
13315
13320
13333
13334
13336
13341
13350
13352
13367
13386
13395
13398
13425
13431
13455
13458
13460
13474
13484
13485
13489
13498
13499
13572
13607
13611
13621
13629
13635
13636
13637
13638
13705
13708
13732
13743
13745
13746
13747
13750
13777
13790
13792
13798
13801
13803
13821
13840
13862
13863
13868
13885
13896
13901
13919
13922
13924
13926
13928
13933
13938
13939
13955
13957
13970
13983
13984
13990
13994
13998
14004
14045
14046
14050
14058
14061
14065
14067
14084
14099
14112
14114
14119
14121
14122
14131
14135
14140
14147
14149
14162
14173
14190
14197
14206
14215
14233
14236
14252
14254
14263
14273
14276
14297
14303
14315
14316
14321
14327
14328
14341
14347
14348
14354
14356
14358
14362
14363
14392
14399
14426
14432
14435
14436
14445
14456
14460
14461
14464
14468
14473
14474
14476
14477
14482
14488
14507
14509
14515
14520
14533
14534
14544
14552
14553
14567
14568
14569
14570
14571
14572
14573
14574
14575
14576
14577
14582
14587
14588
14589
14602
14604
14608
14613
14614
14615
14616
14617
14619
14620
14621
14622
14623
14624
14625
14626
14627
14628
14629
14630
14631
14632
14633
14634
14636
14637
14638
14639
14640
14641
14642
14643
14644
14645
14646
14647
14648
14649
14653
14659
14660
14661
14666
14670
14671
14677
14683
14685
14686
14687
14689
14692
14693
14695
14696
14697
14706
14710
14715
14722
14739
14747
14749
14753
14755
14758
14759
14762
14769
14780
14781
14792
14820
14839
14847
14851
14865
14871
14885
14889
14893
14894
14899
14900
14901
14902
14904
14926
14932
14934
14956
14958
14961
14962
14963
14964
14967
14969
14972
14974
14987
14991
14992
15003
15004
15007
15015
15018
15019
15021
15072
15093
15099
15110
15114
15115
15128
15132
15133
15148
15157
15159
15161
15162
15163
15166
15170
15172
15178
15180
15197
15199
15220
15226
15230
15231
15232
15233
15236
15279
15280
15281
15305
15306
15336
15343
15345
15349
15374
15385
15386
15396
15405
15406
15416
15418
15424
15425
15426
15433
15438
15444
15474
15479
15498
15507
15510
15559
15562
15586
15589
15592
15597
15602
15661
15662
15663
15664
15665
15666
15667
15670
15682
15691
15702
15707
15710
15711
15716
15724
15729
15732
15741
15742
15749
15750
15767
15768
15769
15770
15774
15775
15776
15778
15780
15790
15794
15795
15803
15809
15810
15818
15822
15829
15831
15832
15835
15839
15840
15843
15904
15905
15906
15918
15939
16065
16071
16072
16074
16075
16118
16119
16127
16129
16133
16146
16152
16161
16176
16184
17352
17362
17367
17369
17373
17377
17380
17411
17412
17440
17444
17445
17446
17453
17454
17455
17462
17467
17468
17471
17473
17475
17477
17478
17481
17484
17486
17491
17494
17499
17506
17512
17520
17522
17533
17534
17539
17550
17552
17565
17572
17581
17583
17587
17597
17623
18751
18753
18783
18791
18795
18820
18826
18828
18840
18843
18844
18845
18860
18862
18863
18864
18868
18925
18927
18928
18931
18938
18939
18940
18941
18946
18947
18952
18956
18962
18966
18972
18975
18981
18990
18997
18999
19005
19006
19008
19026
19043
19044
19045
19046
19056
19058
19096
19160
19171
19185
19187
19199
19201
19203
19237
19245
19267
19280
19284
19291
19315
19338
19343
19349
19352
19355
19357
19358
19366
19371
19372
19380
19383
19417
19423
19426
19432
19438
19443
19463
19483
19500
19503
19508
19516
19518
19528
19539
19550
19556
19558
19568
19573
19578
19629
19645
19655
19658
19660
19664
19669
19671
19673
19682
19685
19689
19691
19692
19693
19709
19711
19726
19727
19734
19737
19742
19745
19746
19755
19764
19765
19774
19780
19785
19786
19787
19788
19793
19794
19806
19809
19810
19812
19813
19815
19816
19824
19825
19826
19828
19830
19831
19832
19838
19843
19850
19861
19865
19868
19880
19886
19892
19894
19896
19897
19899
19900
19902
19909
19913
19916
19925
19929
19931
19941
19951
19955
19956
19958
19959
19996
20037
20039
20050
20054
20055
20064
20068
20069
20091
20093
20095
20098
20100
20132
20135
20137
20148
20152
20155
20159
20161
20163
20166
20171
20174
20176
20177
20190
20198
20203
20207
20208
20215
20218
20221
20226
20245
20247
20248
20249
20250
20254
20255
20256
20257
20270
20276
20277
20278
20279
20286
20287
20288
20289
20290
20291
20292
20293
20294
20295
20296
20297
20301
20308
20313
20314
20316
20317
20318
20319
20320
20321
20330
20331
20332
20333
20335
20336
20340
20342
20344
20355
20357
20362
20373
20374
20376
20378
20382
20383
20388
20389
20399
20400
20401
20402
20403
20404
20406
20414
20415
20425
20430
20432
20433
20442
20451
20454
20457
20462
20463
20467
20473
20478
20483
20488
20489
20937
20938
20939
20940
20941
20942
20943
20944
20945
20946
20947
20948
20949
20950
20951
20952
20953
20954
20955
20956
20957
20958
20959
20960
20961
20962
20963
20964
20965
20966
20967
20968
20969
20970
20971
20972
20973
20974
20975
20976
20977
20978
20979
20980
20981
20982
20983
20984
20985
20986
20987
20988
20989
20990
20991
20992
20993
20994
20995
20996
20997
20998
20999
21000
21001
21002
21003
21004
21005
21006
21007
21008
21009
21010
21011
21012
21013
21015
21017
21018
21019
21020
21021
21022
21023
21024
21025
21026
21027
21028
21029
21030
21031
21032
21033
21034
21035
21036
21037
21038
21039
21040
21041
21042
21043
21044
21045
21046
21047
21048
21049
21050
21051
21052
21053
21054
21055
21056
21057
21058
21059
21060
21061
21062
21063
21064
21065
21066
21067
21068
21069
21070
21071
21072
21073
21074
21075
21076
21077
21078
21079
21080
21081
21082
21083
21084
21085
21086
21087
21088
21089
21090
21091
21093
21094
21095
21096
21097
21098
21099
21100
21101
21102
21103
21104
21105
21106
21107
21108
21109
21110
21111
21112
21113
21114
21116
21117
21118
21119
21120
21121
21122
21123
21124
21125
21126
21127
21128
21129
21130
21131
21132
21133
21134
21135
21136
21137
21138
21139
21140
21141
21142
21143
21144
21145
21146
21147
21148
21149
21150
21151
21152
21153
21154
21158
21160
21170
21185
21186
21187
21188
21189
21190
21194
21196
21207
21210
21217
21222
21223
21233
21242
21246
21275
21287
21289
21302
21350
21382
21383
21386
21388
21395
21399
21400
21406
21412
21421
21424
21430
21434
21435
21439
21441
21444
21447
21453
21454
21455
21456
21458
21468
21473
21474
21475
21476
21487
21491
21494
21497
21503
21504
21505
21512
21516
21517
21523
21528
21531
21547
21566
21568
21569
21570
21571
21572
21573
21574
21575
21576
21577
21578
21579
21580
21583
21586
21587
21589
21592
21593
21594
21595
21596
21597
21598
21599
21600
21602
21603
21604
21605
21606
21607
21608
21609
21610
21612
21614
21619
21620
21623
21624
21625
21631
21632
21633
21639
21646
21648
21658
21663
21665
21669
21673
21674
21676
21677
21678
21679
21680
21681
21682
21683
21695
21704
21716
21718
21726
21740
21744
21747
21749
21750
21756
21761
21762
21763
21764
21765
21766
21767
21768
21769
21770
21771
21773
21774
21793
21798
21800
21801
21802
21804
21805
21828
21830
21831
21836
21840
21842
21845
21867
21869
21871
21873
21877
21880
21881
21885
21886
21887
21888
21889
21891
21892
21894
21900
21902
21904
21907
21909
21914
21919
21928
21937
21940
21941
21942
21943
21945
21946
21947
21948
21949
21950
21951
21952
21954
21955
21956
21968
21970
21974
21975
21976
21977
21982
21985
21999
22000
22001
22002
22004
22005
22014
22015
22017
22018
22019
22023
22206
22207
22210
22224
22226
22227
22228
22229
22230
22233
22244
22247
22248
22249
22251
22253
22268
22269
22270
22271
22272
22273
22274
22275
22279
22281
22287
22289
22295
22306
22311
22312
22313
22314
22319
22324
22328
22332
22334
22339
22340
22343
22344
22345
22347
22362
22365
22368
22374
22376
22382
22387
22388
22402
22405
22406
22408
22415
22422
22425
22427
22428
22431
22433
22438
22441
22444
22445
22446
22447
22448
22449
22450
22452
22453
22456
22460
22464
22465
22467
22468
22471
22472
22476
22479
22481
22492
22493
22499
22500
22508
22509
22512
22523
22532
22537
22546
22550
22551
22553
22556
22558
22560
22565
22575
22577
22580
22581
22582
22583
22587
22589
22590
22930
22931
22943
22950
22953
22957
22958
22968
22969
22971
22973
22974
22976
22977
22978
22979
22980
22981
22982
22983
22984
22985
22986
22987
22988
22989
22991
22999
23008
23009
23010
23011
23022
23023
23024
23038
23190
23191
23192
23194
23195
23196
23197
23198
23199
23200
23201
23202
23204
23206
23208
23223
23226
23228
23232
23236
23242
23244
23251
23253
23255
23260
23261
23265
23267
23279
23351
23385
23386
23387
23396
23407
23408
23411
23414
23415
23416
23417
23418
23419
23420
23423
23428
23430
23432
23434
23435
23454
23651
23658
23662
23663
23665
23669
23671
23675
23682
23683
23684
23685
23686
23687
23688
23689
23690
23691
23692
23693
23694
23695
23696
23697
23698
23699
23700
23701
23702
23703
23704
23705
23706
23707
23708
23709
23710
23711
23712
23713
23714
23715
23716
23717
23718
23719
23720
23721
23722
23723
23724
23725
23726
23727
23728
23729
23730
23731
23732
23733
23734
23735
23736
23737
23738
23739
23740
23741
23742
23743
23744
23745
23746
23747
23748
23749
23750
23751
23752
23753
23754
23755
23756
23757
23758
23759
23760
23761
23762
23763
23764
23765
23766
23767
23768
23769
23770
23771
23772
23773
23774
23775
23776
23777
23778
23779
23780
23781
23782
23783
23784
23785
23786
23787
23788
23789
23790
23791
23792
23793
23794
23795
23796
23797
23798
23799
23800
23801
23802
23803
23804
23805
23806
23807
23808
23809
23810
23811
23812
23813
23814
23815
23816
23817
23818
23819
23820
23821
23822
23823
23824
23825
23826
23827
23828
23829
23830
23831
23832
23833
23834
23835
23836
23837
23838
23839
23841
23842
23843
23844
23845
23846
23847
23848
23849
23850
23851
23852
23856
23857
23858
23859
23860
23861
23862
23863
23864
23865
23866
23867
23868
23869
23901
23902
23903
23904
23905
23906
23907
23908
23909
23910
23911
23912
23913
23914
23915
23916
23917
23918
23919
23920
23921
23922
23923
23924
23925
23926
23932
23936
23937
23938
23939
23940
23941
23942
23943
23944
23945
23946
23947
23948
23949
23950
23951
23954
23955
23986
23994
24004
24006
24008
24019
24025
24043
24044
24045
24046
24047
24048
24049
24050
24055
24070
24080
24081
24085
24090
24098
24099
24110
24111
24112
24113
24115
24118
24120
24124
24127
24129
24130
24137
24138
24141
24145
24146
24149
24156
24161
24175
24184
24185
24193
24196
24197
24201
24266
24267
24274
24275
24289
24291
24301
24327
24331
24332
24336
24343
24346
24356
24357
24362
24363
24381
24398
24403
24411
24412
24413
24414
24419
24420
24433
24435
24437
24442
24443
24445
24452
24464
24465
24475
24492
24495
24499
24521
24525
24534
24545
24549
24551
24573
24575
24578
24581
24597
24598
24600
24625
24648
24653
24654
24657
24660
24665
24678
24681
24689
24691
24693
24695
24696
24697
24698
24699
24700
24701
24703
24704
24705
24706
24707
24708
24709
24710
24711
24712
24714
24716
24717
24720
24722
24723
24724
24728
24729
24731
24732
24733
24736
24738
24739
24740
24741
24742
24743
24745
24746
24748
24749
24751
24752
24753
24754
24755
24757
24758
24760
24761
24765
24766
24768
24769
24770
24771
24772
24773
24774
24777
24778
24779
24783
24784
24785
24786
24791
24792
24793
24794
24795
24798
24800
24801
24802
24803
24804
24805
24806
24808
24809
24810
24811
24812
24813
24814
24816
24817
24818
24819
24821
24825
24838
24839
24843
24855
24856
24857
24858
24860
24864
24869
24872
24878
24885
24886
24892
24902
24905
24908
24912
24915
24929
24943
24953
24954
24955
24956
24957
24958
24959
24960
24961
24962
24963
24964
24965
24966
24967
24968
24969
24970
24972
24973
24975
24978
24980
24985
24986
24997
25003
25005
25020
25021
25022
25023
25025
25028
25040
25054
25059
25062
25065
25069
25074
25075
25076
25077
25078
25079
25080
25081
25082
25083
25084
25085
25086
25087
25095
25097
25098
25106
25117
25119
25125
25126
25127
25131
25132
25133
25134
25135
25140
25147
25151
25152
25163
25164
25170
25172
25177
25181
25182
25191
25193
25201
25206
25212
25213
25216
25219
25221
25229
25232
25235
25247
25267
25278
25280
25288
25293
25295
25303
25306
25322
25334
25340
25348
25349
25351
25357
25359
25361
25363
25364
25367
25374
25375
25377
25380
25381
25389
25390
25526
25530
25546
25548
25550
25553
25560
25562
25563
25564
25572
25574
25576
25580
25590
25595
25615
25643
25647
25649
25662
25687
25688
25689
25693
25699
25710
25743
25746
25752
25758
25761
25763
25764
25777
25780
25788
25805
25827
25833
25835
25836
25843
25845
25846
25850
25855
25857
25863
25866
25867
25875
25880
25881
25889
25890
25891
25901
25905
25911
25913
25916
25918
25926
25929
25930
25932
25934
25937
25939
25941
25944
25961
25964
25967
25968
25974
25977
26007
26031
26045
26072
26115
26117
26118
26124
26129
26147
26165
26172
26173
26194
26195
26198
26199
26200
26203
26208
26211
26218
26219
26222
26224
26227
26230
26239
26265
26281
26301
26304
26305
26314
26318
26320
26324
26333
26346
26349
26389
26392
26403
26420
26432
26433
26434
26436
26438
26447
26448
26462
26465
26470
26478
26486
26496
26497
26501
26507
26519
26520
26523
26524
26525
26527
26535
26544
26547
26556
26562
26563
26567
26592
26595
26600
26605
26612
26614
26883
26892
26896
26897
26906
27178
27661
27913
28267
28268
28416
28430
28445
28446
28447
28448
28453
28455
28457
28463
28468
28485
28487
28488
28491
28493
28494
28498
28500
28507
28509
28510
28511
28512
28516
28538
28540
28551
28559
28561
28564
28579
28580
28581
28582
28583
28584
28585
28592
28594
28597
28602
28604
28610
28613
28659
28666
28668
28669
28674
28680
28689
28690
28692
28694
28696
28697
28698
28699
28705
28713
28716
28717
28727
28733
28736
28737
28748
28749
28754
28759
28765
28769
28797
28801
28805
28811
28813
28814
28818
28825
28828
28832
28833
28839
28843
28846
28860
28861
28865
28866
28867
28872
28885
28899
28900
28901
28902
28908
28919
28920
28937
28945
28952
28955
28959
28960
28961
28966
28978
28986
28989
28990
29018
29024
29028
29029
29031
29035
29058
29061
29062
29071
29087
29089
29090
29093
29094
29095
29096
29102
29105
29118
29123
29136
29142
29146
29148
29156
29168
29170
29177
29180
29182
29186
29187
29191
29193
29194
29200
29202
29204
29205
29209
29210
29212
29213
29216
29220
29222
29224
29226
29229
29233
29236
29238
29240
29242
29243
29250
29251
29253
29258
29259
29260
29261
29262
29263
29265
29267
29270
29271
29272
29273
29293
29296
29303
29304
29309
29314
29315
29316
29317
29321
29324
29330
29332
29349
29355
29359
29374
29384
29397
29399
29402
29406
29407
29409
29410
29421
29431
29433
29435
29440
29445
29446
29448
29458
29459
29462
29470
29476
29496
29502
29508
29552
29554
29555
29559
29561
29563
29564
29565
29566
29568
29571
29574
29581
29588
29594
29597
29598
29602
29611
29612
29616
29631
29635
29640
29641
29653
29658
29662
29664
29687
29688
29689
29691
29696
29701
29702
29703
29712
29722
29733
29736
29750
29760
29762
29765
29770
29775
29778
29790
29802
29811
29812
29814
29816
29818
29820
29821
29829
29834
29864
29867
29870
29871
29878
29882
29895
29943
29949
29950
29980
29982
29985
29988
29992
29994
29995
30021
30024
30027
30036
30040
30041
30047
30059
30069
30101
30111
30115
30117
30140
30144
30147
30168
30170
30197
30201
30207
30217
30223
30229
30232
30235
30236
30244
30262
30272
30293
30300
30312
30319
30320
30323
30326
30333
30346
30349
30352
30353
30360
30367
30373
30379
30380
30381
30397
30403
30408
30411
30417
30419
30420
30423
30424
30434
30440
30442
30458
30465
30466
30470
30476
30478
30480
30485
30491
30493
30498
30512
30536
30537
30547
30558
30562
30569
30570
30572
30573
30577
30585
30595
30597
30609
30611
30613
30635
30651
30653
30664
30671
30672
30684
30685
30686
30689
30697
33607
33632
33649
33668
33684
33688
33689
33690
33704
33719
33725
33740
33741
33746
33747
33748
33750
33759
33773
33796
33799
33804
33815
33825
33832
33839
33842
33843
33844
33845
33851
33852
33876
33884
33892
33897
33898
33899
33903
33919
33928
33930
33932
33933
33934
33944
33945
33948
33954
33958
33965
33973
33982
33986
33987
33988
33989
33990
33993
34016
34019
34021
34032
34038
34043
34045
34047
34054
34055
34056
34057
34058
34059
34060
34061
34062
34063
34064
34065
34066
34067
34068
34069
34074
34088
34101
34102
34103
34109
34131
34144
34146
34148
34155
34163
34164
34168
34185
34186
34188
34195
34202
34207
34209
34211
34212
34215
34221
34224
34225
34232
34236
34237
34258
34260
34263
34264
34270
34279
34281
34297
34314
34318
34320
34324
34334
34335
34337
34338
34347
34363
34372
34417
34425
34428
34432
34445
34449
34459
34463
34470
34482
34494
34495
34499
34505
34508
34509
34511
34512
34514
34515
34525
34532
34535
34537
34538
34540
34547
34550
34566
34569
34570
34578
34586
34587
34588
34594
34595
34602
34604
34605
34606
34617
34621
34633
34635
34645
34646
34655
34665
34674
34676
34680
34711
34717
34721
34733
34747
34752
34753
34756
34764
34767
34773
34786
34788
34791
34792
34795
34826
34829
34833
34838
34839
34841
34842
34843
34848
34850
34858
34862
34863
34868
34878
34881
34890
34902
34917
34921
34922
34931
34933
34935
34938
34943
34951
34956
34958
34968
34970
34974
34982
35002
35006
35007
35012
35014
35016
35019
35037
35041
35045
35047
35049
35051
35052
35065
35067
35070
35085
35089
35098
35099
35105
35106
35112
35114
35118
35120
35121
35126
35127
35129
35130
35131
35135
35140
35141
35142
35143
35147
35148
35150
35154
35167
35170
35171
35189
35194
35196
35204
35211
35216
35217
35224
35241
35245
35259
35269
35270
35271
35280
35285
35294
35298
35305
35307
35309
35312
35317
35333
35336
35352
35361
35364
35366
35369
35371
35372
35375
35382
35395
35396
35408
35412
35419
35435
35436
35438
35441
35442
35444
35445
35447
35459
35460
35462
35477
35483
35485
35498
35502
35505
35510
35512
35514
35524
35526
35537
35541
35551
35552
35562
35566
35570
35573
35579
35583
35588
35599
35600
35602
35615
35620
35654
35671
35672
35674
35675
35676
35677
35686
35689
35692
35699
35703
35710
35728
35741
35746
35760
35762
35763
35764
35765
35766
35771
35783
35787
35788
35797
35801
35804
35809
35810
35814
35818
35819
35822
35826
35830
35831
35832
35842
35846
35847
35849
35851
35857
35858
35861
35865
35868
35870
35872
35889
35890
35892
35896
35904
35912
35917
35933
35934
35940
35942
35946
35947
35948
35949
35950
35953
35964
35967
35975
35997
36010
36015
36016
36033
36034
36040
36044
36046
36048
36049
36050
36051
36064
36065
36075
36078
36079
36095
36096
36097
36098
36100
36101
36119
36121
36124
36125
36129
36136
36142
36147
36148
36149
36150
36151
36152
36154
36155
36156
36166
36168
36176
36177
36178
36187
36190
36192
36193
36204
36450
36461
36468
36504
36505
36506
36509
36512
36513
36514
36516
36527
36529
36564
36565
36567
36572
36573
36574
36575
36580
36586
36587
36596
36607
36608
36613
36617
36622
36623
36625
36627
36643
36648
36649
36656
36660
36666
36684
36686
36701
36703
36709
36718
36722
36726
36728
36729
36736
36737
36743
36751
36753
36754
36756
36757
36759
36773
36778
36784
36796
36814
36815
36824
36834
36836
36839
36846
36848
36853
36865
36870
36871
36876
36883
36902
36911
36920
36924
36930
36934
36952
36955
36965
36978
36981
36983
36999
37002
37005
37009
37026
37032
37034
37036
37039
37043
37044
37046
37047
37049
37052
37055
37068
37101
37102
37107
37113
37125
37126
37127
37129
37140
37161
37168
37176
37183
37190
37197
37204
37226
37227
37246
37247
37248
37261
37262
37273
37277
37282
37290
37293
37295
37302
37303
37319
37336
37348
37351
37353
37357
37359
37400
37401
37403
37406
37409
37410
37413
37416
37417
37418
37419
37421
37422
37423
37427
37429
37430
37433
37440
37441
37449
37450
37457
37461
37462
37464
37465
37466
37467
37468
37469
37471
37472
37473
37474
37476
37479
37480
37484
37485
37497
37498
37503
37504
37519
37568
37571
37577
37581
37584
37590
37618
37620
37633
37634
37644
37647
37652
37661
37671
37673
37678
37680
37703
37712
37715
37740
37764
37779
37787
37788
37791
37792
37831
37848
37882
37886
37890
37892
37896
37897
37904
37911
37920
37950
37956
37964
37965
37989
37998
38004
38006
38008
38009
38010
38018
38019
38021
38027
38029
38032
38034
38035
38037
38039
38053
38079
38083
38087
38106
38107
38110
38113
38114
38122
38125
38129
38152
38153
38154
38155
38156
38165
38177
38185
38188
38192
38193
38196
38200
38201
38202
38207
38213
38222
38227
38234
38235
38236
38245
38246
38248
38255
38259
38262
38267
38268
38269
38272
38273
38278
38288
38289
38293
38304
38305
38312
38332
38335
38336
38341
38342
38344
38345
38347
38353
38354
38356
38359
38361
38365
38367
38369
38377
38390
38391
38393
38403
38406
38418
38423
38424
38432
38435
38440
38442
38446
38450
38452
38454
38456
38459
38471
38485
38493
38501
38508
38530
38535
38536
38537
38540
38541
38542
38553
38555
38556
38557
38559
38575
38587
38588
38618
38620
38622
38625
38632
38637
38641
38642
38661
38663
38668
38671
38672
38682
38699
38715
38723
38724
38729
38731
38749
38750
38760
38765
38767
38768
38769
38770
38774
38775
38778
38784
38789
38798
38800
38803
38804
38805
38808
38810
38814
38815
38827
38829
38831
38833
38834
38837
38838
38841
38843
38845
38869
38870
38873
38879
38897
38916
38931
38936
38937
38949
38953
38957
38962
38969
38974
38978
38983
38987
38989
38991
38993
38996
39021
39025
39027
39028
39029
39041
39104
39124
39126
39131
39137
39148
39159
39170
39173
39200
39203
39209
39231
39234
39235
39239
39256
39257
39258
39272
39276
39291
39293
39294
39295
39307
39315
39330
39333
39337
39341
39342
39351
39377
39392
39396
39402
39406
39407
39412
39419
39421
39438
39439
39453
39460
39463
39467
39469
39470
39473
39485
39489
39499
39512
39513
39515
39516
39523
39529
39533
39539
39540
39541
39554
39556
39557
39558
39560
39562
39579
39581
39584
39588
39596
39602
39607
39609
39614
39621
39630
39654
39657
39658
39664
39667
39668
39670
39682
39690
39691
39697
39702
39705
39710
39718
39725
39733
39737
39744
39748
39752
39760
39767
39770
39779
39781
39782
39793
39794
39799
39801
39802
39803
39814
39827
39830
39831
39843
39848
39855
39858
39860
39867
39868
39869
39875
39878
39884
39888
39897
39901
39902
39905
39912
39921
39924
39940
39949
39951
39962
39972
39986
39988
39989
39990
39994
39996
39997
40000
40004
40012
40015
40016
40019
40020
40021
40026
40027
40044
40053
40066
40080
40091
40092
40093
40097
40102
40105
40106
40119
40125
40127
40129
40136
40148
40152
40159
40164
40171
40177
40178
40179
40183
40198
40204
40208
40217
40220
40222
40228
40233
40258
40280
40290
40295
40296
40297
40301
40304
40309
40312
40315
40316
40318
40355
40356
40357
40359
40363
40370
40374
40378
40384
40387
40394
40407
40408
40410
40428
40432
40433
40447
40448
40449
40450
40451
40461
40465
40466
40467
40494
40499
40502
40520
40521
40527
40531
40532
40533
40586
40593
40600
40603
40604
40606
40614
40616
40651
40661
40662
40665
40684
40689
40691
40694
40726
40737
40742
40745
40748
40765
40766
40767
40768
40773
40782
40783
40789
40796
40814
40816
40824
40834
40842
40843
40844
40851
40853
40873
40884
40885
40892
40895
40896
40899
40917
40918
40927
40931
40947
40948
40959
40981
40990
41007
41010
41015
41032
41033
41034
41037
41057
41062
41075
41084
41086
41092
41111
41112
41115
41118
41121
41143
41146
41150
41152
41154
41161
41168
41170
41174
41177
41187
41188
41189
41216
41227
41230
41236
41238
41254
41257
41263
41265
41278
41283
41303
41304
41307
41309
41313
41314
41321
41327
41330
41335
41336
41339
41348
41366
41369
41373
41378
41379
41382
41386
41393
41400
41404
41408
41409
41411
41426
41427
41428
41429
41430
41431
41436
41440
41443
41445
41454
41463
41476
41478
41488
41507
41512
41513
41517
41524
41526
41530
41535
41542
41543
41546
41547
41564
41569
41579
41581
41585
41596
41605
41610
41613
41617
41621
41623
41630
41636
41651
41655
41678
41687
41703
41706
41709
41715
41718
41720
41725
41726
41767
41768
41769
41787
41801
41805
41812
41820
41822
41847
41849
41856
41899
41905
41910
41913
41916
41933
41934
41944
41968
41992
41993
41994
41995
41996
42016
42017
42019
42020
42022
42026
42027
42032
42033
42035
42043
42055
42057
42062
42065
42066
42073
42085
42086
42102
42104
42106
42109
42124
42130
42131
42135
42142
42171
42175
42177
42210
42215
42216
42228
42239
42248
42272
42280
42281
42287
42288
42306
42309
42323
42329
42339
42341
42343
42345
42363
42370
42371
42390
42410
42416
42429
42432
42449
42455
42464
42509
42517
42518
42528
42529
42530
42532
42535
42538
42546
42549
42558
42561
42563
42577
42581
42603
42605
42610
42611
42616
42622
42624
42626
42628
42631
42632
42636
42640
42641
42652
42678
42706
42708
42712
42714
42734
42738
42739
42743
42745
42749
42753
42754
42769
42771
42785
42786
42791
42794
42799
42800
42803
42804
42813
42817
42819
42864
42866
42867
42868
42869
42871
42876
42933
42937
42946
42955
42958
42961
42968
42970
42974
42975
42985
42999
43001
43002
43007
43016
43023
43027
43029
43034
43051
43053
43060
43061
43070
43076
43085
43092
43093
43095
43096
43097
43102
43109
43115
43151
43155
43157
43158
43159
43162
43185
43186
43187
43193
43196
43198
43200
43204
43208
43217
43223
43228
43232
43233
43235
43237
43238
43239
43243
43245
43256
43258
43259
43261
43263
43403
43408
43412
43435
43437
43444
43445
43449
43450
43454
43455
43457
43458
43472
43476
43478
43485
43508
43512
43522
43555
43559
43570
43575
43576
43577
43578
43581
43597
43599
43611
43623
43625
43626
43638
43671
43684
43689
43698
43701
43702
43705
43708
43709
43711
43712
43720
43727
43730
43733
43734
43738
43740
43744
43746
43756
43759
43762
43769
43780
43781
43794
43809
43826
43828
43829
43835
43836
43837
43840
43841
43850
43859
43873
43884
43888
43889
43906
43907
43909
43910
43914
43917
43932
43941
43947
43970
43974
43975
43981
43982
44038
44040
44044
44060
44068
44069
44071
44078
44082
44087
44090
44096
44098
44123
44132
44135
44142
44156
44163
44166
44168
44169
44170
44178
44182
44183
44185
44187
44189
44197
44201
44207
44213
44215
44221
44222
44223
44234
44243
44262
44265
44274
44275
44277
44281
44298
44310
44311
44322
44332
44334
44342
44354
44356
44358
44360
44373
44377
44384
44387
44389
44405
44408
44411
44417
44421
44422
44433
44461
44468
44470
44484
44485
44487
44493
44506
44511
44513
44517
44519
44523
44525
44527
44531
44557
44577
44584
44611
44624
44627
44632
44633
44634
44637
44648
44652
44654
44656
44658
44662
44664
44685
44702
44730
44741
44742
44747
44749
44802
44805
44807
44836
44865
44868
44942
44949
44959
44966
44981
44985
44987
44989
44995
44997
45011
45015
45017
45018
45020
45022
45035
45038
45040
45045
45046
45054
45064
45069
45084
45099
45476
45482
45505
45530
45531
45538
45541
45546
45554
45558
45560
45577
45579
45582
45584
45630
45632
45633
45646
45649
45652
45653
45662
45665
45668
45674
45675
45684
45688
45694
45707
45715
45728
45735
45741
45824
45827
45833
45852
45865
45881
45889
45900
45901
45905
45912
45924
45931
45934
45935
45942
45943
45998
45999
46000
46026
46036
46042
46058
46104
46107
46115
46121
46126
46127
46129
46150
46151
46163
46164
46179
46206
46207
46210
46216
46217
46218
46253
46254
46258
46270
46273
46278
46305
46308
46332
46370
46374
46381
46386
46389
46391
46397
46401
46402
46410
46427
46465
46490
46491
46493
46500
46517
46518
46520
46522
46526
46529
46540
46544
46550
46562
46565
46567
46568
46570
46571
46574
46578
46579
46582
46609
46610
46611
46612
46614
46618
46622
46629
46635
46637
46646
46648
46655
46663
46665
46678
46691
46716
46724
46725
46732
46739
46741
46742
46743
46744
46746
46756
46769
46774
46782
46787
46812
46827
46875
46879
46886
46887
46895
46911
46912
46913
46921
46922
46923
46925
46927
46928
46934
46937
46939
46940
46987
46990
46998
46999
47003
47015
47016
47023
47024
47028
47030
47032
47043
47048
47049
47053
47057
47066
47084
47086
47096
47097
47116
47121
47147
47149
47232
47238
47241
47256
47259
47260
47276
47279
47285
47286
47296
47332
47334
47335
47350
47368
47369
47370
47373
47404
47414
47417
47419
47420
47421
47434
47437
47444
47445
47446
47448
47449
47450
47488
47489
47512
47521
47535
47536
47537
47538
47539
47541
47542
47543
47546
47547
47555
47557
47568
47577
47581
47586
47587
47588
47589
47591
47592
47593
47594
47598
47625
47628
47638
47647
47649
47653
47661
47662
47680
47689
47698
47717
47723
47740
47741
47751
47761
47845
47865
47882
47902
47907
47917
47922
47941
47944
47949
47952
47960
47961
47965
47968
47971
47981
47984
47992
47994
47996
48003
48009
48011
48012
48013
48014
48016
48020
48033
48063
48064
48075
48085
48087
48090
48091
48102
48104
48108
48112
48116
48117
48123
48124
48125
48126
48127
48128
48140
48162
48163
48165
48166
48167
48168
48171
48172
48173
48175
48176
48177
48179
48180
48181
48182
48183
48184
48186
48187
48188
48189
48190
48191
48192
48194
48210
48234
48237
48239
48251
48256
48257
48260
48261
48264
48272
48289
48290
48307
48314
48317
48318
48320
48321
48322
48324
48325
48326
48327
48328
48329
48330
48331
48332
48333
48334
48335
48336
48337
48338
48339
48341
48342
48343
48345
48346
48347
48348
48349
48350
48351
48352
48353
48354
48355
48356
48357
48358
48359
48360
48361
48362
48363
48364
48365
48366
48367
48368
48369
48370
48371
48373
48374
48375
48376
48377
48378
48379
48380
48381
48382
48383
48384
48385
48386
48387
48388
48389
48390
48391
48393
48394
48395
48396
48397
48398
48399
48400
48401
48402
48403
48404
48405
48407
48408
48409
48410
48411
48412
48413
48414
48415
48416
48417
48418
48419
48420
48421
48422
48423
48424
48425
48426
48427
48428
48429
48430
48431
48432
48433
48434
48435
48436
48437
48438
48439
48440
48441
48442
48443
48444
48445
48446
48447
48448
48449
48450
48451
48452
48453
48454
48455
48456
48457
48458
48459
48460
48461
48462
48463
48464
48465
48466
48467
48468
48469
48470
48471
48472
48473
48474
48475
48476
48477
48478
48479
48480
48481
48482
48483
48484
48485
48486
48487
48488
48489
48490
48491
48492
48493
48495
48497
48505
48506
48514
48526
48538
48540
48541
48542
48547
48549
48553
48562
48566
48594
48596
48600
48623
48624
48625
48626
48627
48628
48629
48630
48631
48632
48633
48634
48635
48636
48637
48638
48639
48640
48641
48642
48643
48644
48645
48646
48647
48648
48649
48650
48651
48652
48653
48654
48655
48656
48657
48658
48659
48660
48661
48662
48663
48664
48665
48666
48667
48668
48669
48670
48671
48672
48673
48674
48675
48676
48677
48678
48679
48680
48681
48682
48683
48684
48685
48686
48687
48688
48689
48690
48691
48692
48693
48694
48695
48696
48697
48698
48699
48700
48701
48702
48703
48704
48705
48706
48707
48708
48709
48710
48711
48712
48713
48714
48715
48716
48717
48718
48719
48720
48721
48735
48746
48755
48756
48759
48760
48761
48762
48763
48764
48765
48766
48767
48768
48769
48771
48772
48773
48774
48775
48776
48779
48789
48791
48792
48797
48798
48799
48800
48804
48809
48835
48837
48838
48840
48848
48851
48854
48877
48886
48889
48891
48912
48914
48920
48921
48951
48957
48962
48986
48995
48997
48999
49012
49022
49024
49027
49036
49048
49052
49066
49071
49072
49074
49076
49077
49079
49114
49124
49129
49131
49134
49135
49139
49142
49144
49148
49150
49151
49152
49153
49154
49155
49156
49161
49163
49170
49177
49189
49194
49195
49207
49214
49246
49262
49270
49271
49274
49296
49300
49313
49314
49322
49328
49333
49360
49367
49370
49376
49386
49392
49393
49394
49396
49401
49405
49410
49411
49412
49414
49416
49417
49420
49428
49429
49437
49447
49465
49481
49520
49544
49550
49554
49555
49557
49558
49560
49562
49584
49586
49589
49595
49602
49603
49612
49616
49618
49621
49634
49642
49648
49664
49669
49674
49675
49676
49679
49687
49692
49697
49701
49703
49706
49707
49710
49715
49717
49722
49723
49750
49753
49754
49756
49761
49770
49772
49776
49799
49802
49809
49815
49829
49831
49854
49865
49874
49881
49884
49892
49893
49902
49903
49905
49916
49917
49918
49921
49923
49941
49947
49948
49949
49957
49958
49966
49967
49973
49983
49993
50007
50016
50019
50021
50028
50031
50034
50035
50036
50037
50038
50039
50040
50041
50042
50043
50044
50045
50047
50049
50051
50053
50054
50056
50057
50060
50064
50065
50071
50072
50074
50090
50097
50098
50116
50123
50124
50140
50142
50143
50144
50145
50146
50147
50148
50150
50152
50156
50159
50160
50162
50167
50169
50182
50183
50184
50195
50202
50205
50210
50226
50230
50242
50255
50262
50264
50266
50269
50272
50275
50277
50283
50288
50292
50311
50312
50316
50320
50328
50333
50347
50348
50356
50359
50369
50409
50412
50417
50427
50431
50433
50437
50439
50443
50446
50451
50452
50467
50468
50473
50479
50485
50487
50502
50511
50513
50517
50527
50537
50540
50542
50560
50561
50568
50569
50573
50602
50618
50638
50658
50681
50697
50698
50711
50719
50720
50721
50722
50736
50739
50742
50745
50746
50761
50766
50827
50829
50831
50848
50849
50851
50853
50856
50859
50899
50900
50902
50908
50919
51008
51028
51045
51056
51070
51072
51130
51152
51169
51170
51180
51195
51279
51286
51291
51333
51362
51374
51376
51377
51379
51382
51395
51397
51411
51430
51431
51436
51440
51441
51442
51448
51454
51456
51457
51473
51475
51489
51503
51523
51529
51565
51574
51575
51579
51580
51583
51584
51617
51647
51648
51662
51686
51687
51688
51689
51692
51694
51706
51707
51720
51723
51728
51730
51731
51741
51744
51753
51764
51767
51777
51784
51786
51801
51814
51826
51837
51850
51851
51871
51879
51883
51884
51916
51925
51966
51968
51977
51978
51982
52000
52007
52016
52021
52022
52034
52035
52037
52041
52043
52053
52065
52068
52070
52079
52085
52115
52116
52117
52118
52120
52125
52126
52128
52135
52146
52148
52151
52153
52159
52187
52190
52191
52200
52204
52226
52261
52262
52281
52282
52283
52284
52289
52307
52334
52335
52339
52343
52344
52346
52354
52359
52361
52362
52386
52387
52398
52427
52463
52490
52497
52521
52530
52531
52532
52534
52535
52546
52549
52550
52551
52580
52583
52588
52589
52624
52628
52629
52639
52641
52642
52678
52681
52696
52741
52742
52744
52761
52771
52775
52777
52790
52827
52834
52836
52838
52839
52842
52844
52846
52851
52855
52859
52862
52864
52865
52871
52873
52875
52879
52882
52890
52900
52902
52904
52908
52917
52928
52948
52953
52965
52968
52971
52975
52978
52979
52981
52982
52984
52985
52986
52987
52988
52989
52990
52991
52992
52993
52998
53022
53023
53063
53109
53121
53127
53138
53145
53146
53148
53165
53167
53169
53174
53176
53177
53178
53182
53183
53187
53189
53192
53201
53215
53218
53221
53229
53230
53237
53245
53247
53254
53255
53257
53258
53263
53264
53265
53278
53296
53298
53307
53316
53319
53323
53341
53352
53353
53360
53373
53380
53404
53414
53421
53428
53434
53462
53467
53468
53485
53503
53525
53530
53531
53532
53533
53558
53562
53569
53574
53579
53581
53584
53587
53607
53609
53625
53639
53640
53641
53642
53647
53653
53668
53671
53672
53674
53679
53682
53683
53687
53690
53691
53692
53729
53742
53744
53749
53752
53759
53767
53790
53794
53796
53801
53802
53804
53805
53806
53807
53812
53813
53814
53816
53820
53829
53834
53835
53847
53849
53851
53866
53868
53877
53889
53890
53893
53907
53916
53928
53932
53944
53971
53972
53980
53982
53983
53984
53990
53993
54001
54004
54012
54018
54026
54039
54040
54042
54046
54048
54073
54076
54078
54081
54082
54093
54097
54100
54104
54113
54116
54118
54124
54130
54143
54144
54158
54169
54172
54174
54175
54178
54182
54216
54230
54235
54253
54258
54260
54261
54262
54266
54269
54279
54295
54297
54310
54311
54314
54318
54341
54355
54358
54366
54369
54375
54389
54391
54408
54409
54412
54573
54583
54588
54745
54753
54756
54758
54759
54786
54805
54806
54822
54823
54836
54838
54845
54848
54852
54854
54858
54860
54873
54883
54893
54895
54900
54918
54919
54921
54922
54933
54934
54946
54947
54951
54957
54982
54988
54989
54992
54997
55012
55018
55025
55029
55030
55032
55043
55045
55048
55052
55055
55056
55061
55063
55065
55077
55082
55089
55100
55105
55118
55130
55134
55146
55147
55149
55155
55159
55171
55180
55192
55201
55202
55204
55211
55216
55217
55218
55221
55223
55252
55256
55268
55274
55278
55285
55291
55293
55297
55299
55300
55306
55307
55310
55317
55329
55331
55333
55345
55363
55364
55366
55368
55388
55390
55392
55396
55404
55405
55417
55420
55428
55430
55432
55484
55501
55503
55504
55522
55523
55528
55532
55533
55536
55542
55561
55567
55571
55572
55573
55577
55581
55585
55588
55600
55606
55639
55641
55643
55647
55651
55652
55655
55657
55667
55675
55682
55684
55686
55688
55692
55703
55714
55722
55724
55725
55731
55736
55741
55742
55746
55747
55751
55757
55769
55782
55801
55808
55815
55819
55827
55837
55874
55880
55882
55886
55889
55892
55906
55916
55919
55922
55930
55932
55941
55952
55959
55960
55961
55962
55994
56006
56026
56029
56032
56039
56042
56129
56164
56179
56193
56194
56202
56206
56212
56214
56243
56251
56340
56341
56350
56453
56457
56467
56469
56470
56471
56500
56502
56506
56552
56562
56564
56570
56585
56587
56592
56593
56605
56610
56612
56639
56641
56642
56644
56646
56652
56675
56678
56691
56704
56715
56719
56725
56726
56729
56735
56746
56751
56761
56777
56780
56797
56803
56809
56823
56826
56863
56875
56876
56877
56889
56891
56892
56894
56900
56912
56915
56942
56951
56957
56964
56969
56970
56971
56974
56979
56996
56998
56999
57001
57004
57005
57006
57009
57010
57011
57012
57013
57014
57015
57016
57019
57024
57031
57036
57063
57070
57078
57079
57080
57097
57113
57116
57137
57138
57140
57145
57190
57200
57222
57225
57228
57229
57231
57232
57234
57235
57236
57241
57245
57246
57259
57264
57265
57266
57268
57270
57271
57286
57296
57301
57338
57345
57349
57355
57357
57358
57361
57363
57383
57386
57396
57399
57402
57412
57424
57436
57448
57460
57464
57468
57469
57481
57483
57484
57491
57492
57499
57516
57522
57528
57531
57543
57545
57546
57562
57577
57589
57593
57616
57619
57620
57633
57635
57640
57651
57654
57657
57658
57664
57668
57674
57883
57884
57894
57929
57931
57932
57937
57940
57941
57945
57947
57975
57985
57987
57999
58005
58006
58009
58017
58030
58047
58049
58050
58051
58072
58073
58078
58084
58085
58087
58091
58092
58093
58099
58100
58102
58110
58115
58116
58117
58128
58130
58169
58176
58201
58224
58236
58240
58251
58252
58261
58262
58263
58267
58286
58287
58291
58296
58306
58307
58308
58309
58311
58322
58324
58331
58334
58338
58339
58347
58355
58359
58371
58378
58381
58382
58392
58395
58400
58419
58427
58433
58436
58437
58438
58442
58446
58447
58448
58449
58469
58473
58474
58475
58476
58477
58478
58479
58480
58482
58487
58489
58490
58494
58498
58509
58521
58523
58529
58541
58553
58559
58560
58561
58571
58573
58605
58615
58623
58624
58625
58628
58648
58649
58651
58654
58664
58669
58675
58678
58704
58718
58723
58738
58739
58750
58755
58756
58779
58782
58785
58786
58791
58801
58816
58817
58834
58845
58846
58857
58858
58862
58868
58871
58873
58875
58879
58883
58885
58889
58908
58909
58918
58924
58950
58956
58970
58981
58984
59012
59022
59053
59057
59060
59066
59101
59120
59129
59135
59141
59145
59148
59152
59187
59188
59199
59218
59222
59226
59241
59247
59256
59259
59260
59262
59266
59269
59271
59272
59273
59274
59293
59306
59310
59311
59312
59324
59327
59330
59347
59348
59356
59360
59361
59362
59365
59382
59408
59409
59413
59416
59428
59429
59441
59480
59513
59515
59516
59534
59539
59591
59594
59599
59600
59620
59624
59628
59634
59638
59639
59640
59641
59652
59659
59663
59677
59679
59680
59684
59686
59710
59729
59747
59752
59769
59774
59775
59787
59810
59853
59855
59858
59881
59889
59895
59901
59905
59907
59912
59913
59914
59915
59916
59923
59928
59935
59954
59997
60010
60022
60027
60032
60037
60038
60041
60044
60049
60072
60079
60095
60102
60109
60117
60134
60136
60142
60143
60160
60174
60180
60182
60183
60186
60196
60215
60223
60236
60281
60299
60300
60306
60322
60327
60331
60335
60340
60345
60354
60361
60377
60385
60386
60392
60393
60395
60399
60410
60418
60425
60429
60430
60441
60446
60450
60456
60460
60463
60473
60476
60494
60499
60510
60516
60517
60518
60519
60520
60521
60526
60529
60543
60553
60557
60582
60583
60598
60605
60607
60609
60616
60626
60629
60635
60646
60656
60657
60658
60659
60673
60674
60683
60689
60694
60697
60698
60711
60717
60733
60738
60742
60744
60745
60746
60747
60754
60757
60768
60769
60778
60791
60804
60813
60815
60824
60827
60834
60842
60843
60863
60868
60909
60931
60932
60933
60934
60935
60936
60937
60938
60939
60940
60941
60942
60943
60944
60945
60946
60947
60948
60949
60950
60953
60954
60955
60956
60957
60958
60959
60966
60989
61000
61001
61004
61014
61016
61018
61043
61045
61055
61064
61069
61070
61090
61097
61098
61107
61108
61136
61145
61148
61157
61161
61163
61165
61174
61192
61201
61209
61219
61230
61239
61247
61250
61251
61253
61255
61265
61275
61281
61282
61286
61291
61298
61309
61310
61322
61328
61330
61334
61337
61342
61361
61390
61391
61393
61394
61395
61396
61397
61407
61408
61419
61420
61430
61436
61455
61464
61481
61486
61504
61509
61528
61536
61538
61544
61554
61557
61601
61605
61618
61622
61626
61627
61640
61641
61652
61660
61664
61672
61678
61685
61689
61691
61693
61696
61697
61698
61699
61755
61759
61765
61771
61781
61790
61792
61805
61820
61828
61829
61836
61842
61845
61862
61864
61866
61892
61893
61894
61897
61904
61910
61915
61916
61930
61935
61937
61952
61964
61966
61967
61970
61974
61981
61987
61990
61993
62001
62007
62009
62015
62024
62034
62035
62151
62153
62157
62161
62172
62189
62212
62271
62297
62326
62343
62356
62359
62365
62371
62373
62390
62406
62412
62413
62417
62418
62423
62426
62429
62432
62433
62434
62435
62436
62442
62445
62450
62451
62452
62462
62472
62473
62500
62509
62510
62521
62528
62537
62538
62552
62563
62572
62576
62583
62591
62592
62595
62600
62602
62611
62633
62640
62642
62659
62666
62677
62678
62680
62688
62699
62711
62718
62721
62738
62742
62749
62756
62758
62764
62777
62778
62780
62783
62787
62790
62795
62820
62840
62843
62852
62866
62867
62869
62873
62886
62901
62903
62906
62914
62917
62918
62926
62928
62942
62962
62967
62971
62972
62986
62989
62992
62998
63000
63006
63010
63015
63034
63040
63042
63045
63048
63059
63060
63061
63063
63068
63080
63088
63106
63110
63142
63148
63156
63163
63195
63196
63201
63256
63264
63270
63272
63273
63278
63327
63333
63335
63339
63344
63352
63361
63378
63382
63389
63390
63393
63400
63420
63423
63425
63433
63445
63448
63470
63501
63511
63521
63533
63535
63540
63547
63550
63552
63563
63605
63610
63626
63636
63638
63645
63648
63653
63657
63658
63692
63700
63701
63711
63730
63734
63736
63738
63743
63752
63754
63756
63757
63765
63779
63792
63795
63802
63803
63804
63816
63820
63821
63822
63826
63827
63833
63843
63865
63872
63883
63888
63889
63904
63905
63907
63928
63933
63935
63937
63941
63947
63983
63988
63995
64009
64014
64017
64028
64030
64032
64037
64042
64045
64046
64049
64059
64065
64075
64084
64085
64088
64091
64097
64111
64117
64121
64126
64128
64139
64148
64156
64157
64192
64198
64203
64207
64210
64223
64226
64233
64236
64241
64242
64252
64255
64257
64258
64259
64278
64285
64310
64332
64333
64374
64383
64384
64400
64405
64406
64421
64431
64434
64436
64441
64451
64459
64462
64465
64467
64476
64498
64506
64511
64515
64516
64520
64524
64525
64529
64536
64570
64576
64583
64592
64597
64603
64605
64613
64614
64615
64646
64651
64670
64676
64685
64695
64701
64721
64730
64733
64734
64756
64757
64765
64780
64788
64790
64791
64799
64807
64811
64819
64834
64844
64853
64856
64880
64895
64896
64902
64919
64920
64923
64930
64931
64935
64946
64955
64960
64961
64972
64976
64981
64986
64996
65012
65016
65034
65035
65041
65047
65050
65055
65078
65096
65139
65145
65173
65176
65196
65223
65226
65235
65248
65259
65260
65261
65266
65275
65284
65285
65293
65324
65325
65326
65336
65339
65346
65369
65372
65381
65391
65397
65411
65415
65416
65419
65454
65534
65537
65538
65556
65575
65585
65587
65610
65611
65635
65639
65646
65648
65658
65659
65672
65740
65750
65756
65772
65781
65784
65788
65792
65802
65809
65819
65823
65827
65835
65855
65856
65868
65876
65877
65884
65889
65906
65912
65919
65927
65934
65960
65973
65989
66011
66017
66022
66025
66037
66060
66076
66077
66102
66130
66138
66142
66151
66166
66175
66176
66227
66254
66279
66288
66302
66314
66341
66343
66350
66358
66360
66381
66382
66390
66398
66417
66428
66430
66455
66458
66500
66503
66506
66507
66509
66520
66532
66548
66558
66643
66667
66702
66706
66784
66788
66806
66825
66834
66841
66873
66887
66892
66919
66929
66938
66995
67015
67043
67082
67137
67150
67189
67217
67257
67259
67268
67276
67295
67304
67306
67356
67393
67397
67524
67539
67549
67551
67552
67555
67582
67587
67595
67598
67612
67623
67630
67661
67670
67764
67778
67787
67788
67796
67797
67801
67861
67888
67901
67913
67922
67933
67941
67975
68047
68071
68083
68087
68090
68117
68124
68132
68139
68144
68160
68169
68173
68175
68259
68268
68308
68311
68313
68324
68327
68329
68337
68338
68339
68348
68350
68354
68355
68358
68388
68391
68416
68441
68444
68453
68455
68468
68475
68494
68497
68498
68531
68551
68564
68574
68585
68643
68664
68672
68679
68683
68702
68751
68857
68873
68887
68890
68943
68951
68957
68973
68975
68982
68989
69057
69084
69098
69107
69164
69171
69175
69182
69192
69288
69289
69300
69303
69306
69338
69348
69376
69388
69415
69463
69511
69526
69578
69588
69589
69590
69602
69622
69624
69631
69632
69634
69666
69679
69681
69743
69758
69772
69778
69843
69850
69883
69885
69895
69939
69982
69984
70038
70057
70060
70074
70075
70084
70093
70120
70158
70197
70212
70231
70242
70292
70308
70314
70341
70345
70346
70353
70382
70394
70428
70442
70463
70464
70467
70474
70476
70483
70501
70513
70517
70527
70563
70597
70620
70622
70623
70632
70646
70671
70697
70723
70726
70733
70751
70762
70763
70769
70789
70794
70798
70803
70806
70836
70844
70852
70854
70855
70856
70857
70858
70859
70860
70861
70862
70891
70896
70899
70904
70907
70916
70924
70976
70992
70999
71006
71018
71030
71051
71054
71055
71057
71058
71068
71072
71091
71095
71100
71142
71144
71149
71169
71187
71188
71193
71201
71221
71226
71227
71228
71257
71309
71311
71316
71317
71323
71330
71402
71410
71422
71434
71441
71443
71450
71453
71456
71459
71463
71482
71489
71504
71524
71528
71530
71541
71553
71558
71565
71574
71581
71595
71615
71622
71631
71667
71706
71711
71712
71773
71777
71782
71791
71792
71821
71822
71860
71881
71894
71920
71926
71940
71941
71942
71946
71948
71978
72005
72006
72034
72067
72090
72096
72097
72161
72219
72237
72276
72331
72336
72341
72355
72413
72427
72437
72485
72533
72555
72556
72560
72561
72599
72621
72628
72631
72633
72637
72645
72646
72657
72666
72681
72684
72697
72698
72716
72737
72764
72765
72766
72767
72786
72789
72790
72791
72800
72815
72828
72899
72905
72907
72930
72939
72940
73005
73006
73011
73071
73083
73110
73144
73157
73163
73172
73180
73195
73197
73215
73217
73229
73230
73235
73236
73237
73245
73268
73270
73285
73291
73305
73310
73314
73315
73316
73317
73318
73319
73325
73326
73327
73328
73329
73330
73331
73332
73333
73334
73335
73336
73337
73338
73339
73340
73341
73342
73343
73344
73345
73346
73350
73385
73393
73410
73447
73486
73492
73511
73520
73541
73542
73543
73544
73574
73577
73578
73579
73581
73639
73642
73646
73649
73660
73674
73684
73687
73696
73707
73708
73709
73711
73713
73719
73720
73739
73751
73757
73841
73981
74013
74026
74055
74086
74155
74166
74193
74201
74209
74222
74223
74226
74238
74259
74347
74356
74361
74366
74404
74511
74533
74542
74568
74594
74639
74640
74672
74691
74715
74744
74756
74766
74769
74781
74809
74861
74862
74864
74865
74867
74891
74903
74916
74928
74948
74986
75019
75475
75487
75488
75489
75496
75504
75507
75510
75522
75583
75590
75610
75617
75624
75628
75645
75647
75659
75668
75682
75709
75745
75748
75762
75768
75773
75784
75829
75839
75842
75858
75869
75891
75904
75906
75921
75924
75934
75964
75976
75979
76004
76013
76014
76032
76034
76037
76044
76056
76060
76082
76084
76089
76094
76131
76133
76141
76235
76239
76264
76268
76280
76287
76306
76337
76339
76376
76422
76447
76450
76451
76453
76454
76455
76456
76457
76458
76462
76465
76490
76494
76556
76597
76625
76643
76645
76649
76650
76652
76701
76720
76723
76752
76757
76761
76763
76779
76790
76851
76855
76873
76882
76889
76907
76916
76919
76920
76964
76966
76990
76991
76993
77017
77033
77040
77050
77059
77060
77103
77120
77151
77166
77173
77207
77226
77232
77258
77263
77268
77277
77306
77430
77438
77441
77444
77445
77457
77462
77466
77493
77501
77516
77519
77540
77545
77551
77563
77569
77576
77591
77611
77617
77631
77680
77684
77700
77713
77725
77730
77741
77791
77826
77832
77860
77876
77903
77907
77908
77927
77939
78004
78033
78057
78058
78074
78087
78105
78110
78111
78113
78120
78125
78143
78151
78159
78181
78204
78209
78217
78230
78251
78264
78266
78280
78298
78301
78412
78524
78538
78544
78553
78566
78617
78656
78658
78662
78665
78678
78680
78692
78724
78742
78767
78891
78895
78916
78922
78927
79015
79069
79082
79086
79135
79143
79154
79155
79187
79222
79232
79236
79257
79261
79301
79307
79359
79374
79380
79430
79462
79496
79504
79506
79513
79522
79644
79649
79661
79669
79692
79693
79697
79749
79750
79777
79790
79838
79875
79876
79880
79894
79902
79938
79952
79960
79979
79991
80051
80058
80060
80106
80114
80129
80132
80133
80186
80200
80217
80228
80246
80258
80272
80290
80296
80307
80311
80312
80344
80365
80379
80380
80442
80444
80447
80460
80477
80485
80490
80497
80502
80507
80518
80559
80563
80564
80565
80585
80587
80603
80617
80690
80693
80707
80714
80723
80728
80732
80769
80770
80781
80791
80792
80803
80809
80815
80827
80833
80925
80934
80948
80986
80988
81035
81161
81177
81178
81181
81254
81257
81259
81260
81262
81263
81264
81265
81269
81270
81281
81321
81322
81323
81330
81340
81347
81409
81422
81454
81457
81461
81463
81473
81482
81484
81535
81635
81821
81824
81826
81827
81828
81833
81835
81836
81838
81839
81840
81841
81842
81852
82002
82003
82010
82014
82070
82084
82111
82117
82138
82150
82161
82171
82198
82234
82288
82334
82354
82472
82493
82509
82522
82523
82525
82565
82567
82568
82622
82629
82632
82653
82654
82675
82719
82756
82763
82782
82806
82852
82860
82876
82894
82897
82933
82949
82972
82987
82997
83003
83011
83024
83052
83059
83072
83080
83086
83093
83096
83101
83113
83137
83148
83153
83156
83194
83211
83212
83235
83263
83271
83295
83302
83311
83320
83361
83371
83393
83436
83438
83452
83454
83469
83497
83512
83526
83531
83540
83551
83566
83571
83590
83595
83600
83604
83640
83704
83710
83735
83740
83766
83776
83798
83813
83861
83864
83873
83888
83899
83905
83956
83964
83966
83981
83985
83998
84010
84022
84023
84033
84050
84062
84063
84064
84085
84100
84125
84136
84141
84143
84147
84157
84158
84161
84180
84218
84222
84242
84258
84320
84353
84362
84421
84429
84441
84450
84452
84464
84517
84519
84525
84527
84551
84574
84597
84609
84633
84688
84716
84719
84737
84738
84739
84789
84800
84815
84829
84849
84855
84856
84885
84887
84892
84896
84911
84912
84921
84923
84959
84983
84985
85030
85032
85055
85072
85080
85099
85110
85129
85130
85137
85143
85168
85183
85190
86064
86065
86081
86088
86099
86100
86115
86123
86142
86196
86232
86244
86257
86263
86297
86332
86342
86372
86401
86414
86424
86425
86426
86462
86479
86501
86520
86540
86556
86587
86590
86614
86623
86640
86644
86649
86682
86683
86689
86697
86716
86748
86764
86766
86772
86787
86789
86842
86844
86849
86851
86856
86864
86904
86938
86982
87046
87067
87133
87152
87185
87202
87207
87217
87221
87256
87258
87260
87267
87277
87286
87288
87318
87385
87395
87415
87427
87433
87436
87443
87476
87521
87537
87538
87545
87552
87570
87577
87584
87598
87626
87627
87633
87638
87645
87676
87687
87695
87718
87730
87732
87734
87749
87785
87843
87859
87864
87872
87878
87891
87901
87903
87943
87962
87975
88015
88020
88026
88041
88113
88119
88120
88124
88133
88220
88230
88238
88239
88240
88241
88242
88243
88342
88512
88513
88552
88557
88568
88569
88570
88589
88590
88603
88610
88626
88628
88662
88673
88712
88745
88747
88779
88800
88817
88837
88838
88858
88859
88883
88895
88905
88958
88971
89094
89106
89143
89157
89193
89197
89199
89211
89232
89238
89298
89316
89326
89336
89342
89350
89364
89389
89392
89394
89397
89463
89476
89531
89537
89543
89577
89604
89612
89666
89679
89685
89706
89760
89779
89813
89838
89839
89920
89961
89975
90002
90062
90072
90103
90106
90108
90124
90133
90136
90143
90169
90182
90387
90413
90423
90439
90532
90607
90622
90752
90795
90812
90851
90867
90874
90892
90894
90897
90898
90941
90949
90959
90975
91026
91034
91035
91046
91058
91078
91098
91104
91145
91146
91159
91185
91187
91200
91202
91331
91347
91363
91365
91375
91388
91406
91426
91433
91473
91476
91552
91558
91563
91568
91570
91582
91604
91613
91625
91639
91645
91686
91698
91715
91718
91752
91754
91765
91838
91857
91870
91900
91920
91952
92028
92058
92063
92064
92066
92072
92122
92123
92134
92152
92154
92175
92191
92209
92224
92228
92259
92275
92291
92295
92391
92424
92525
92640
92659
92671
92703
92976
93070
93110
93112
93118
93240
93316
93459
93517
93526
93657
93742
93768
93848
93901
93902
93950
94161
94194
94207
94210
94211
94225
94236
94238
94239
94252
94310
94347
94402
94429
94434
94435
94437
94447
94448
94452
94462
94471
94486
94502
94505
94508
94511
94545
94551
94573
94604
94642
94658
94677
94794
94803
94841
94843
94847
94853
94869
94884
94891
94892
94900
94901
94923
94955
94966
94970
95012
95058
95091
95102
95108
95120
95132
95157
95171
95190
95223
95260
95264
95274
95311
95363
95376
95380
95384
95390
95428
95431
95437
95439
95440
95463
95481
95484
95489
95500
95501
95524
95557
95558
95563
95574
95575
95599
95622
95637
95664
95693
95740
95742
95748
95749
95750
95838
95860
95872
95891
95892
95953
95955
95956
95957
95962
95980
96005
96018
96037
96039
96049
96055
96088
96100
96101
96108
96111
96117
96127
96134
96136
96141
96142
96146
96165
96170
96189
96199
96207
96236
96237
96242
96256
96277
96308
96309
96310
96326
96333
96339
96340
96376
96395
96408
96446
96506
96525
96528
96533
96543
96547
96569
96624
96688
96740
96781
96837
96861
96862
96871
96875
96894
96932
96957
96960
96974
96978
96983
97000
97025
97049
97057
97063
97066
97078
97104
97108
97113
97114
97166
97171
97185
97217
97218
97258
97276
97305
97316
97325
97338
97351
97364
97374
97393
97396
97411
97412
97437
97438
97476
97488
97489
97502
97509
97512
97523
97557
97560
97563
97593
97724
97764
97771
97790
97808
97916
97965
98039
98040
98046
98055
98058
98073
98077
98091
98104
98158
98162
98225
98247
98267
98269
98281
98298
98308
98318
98319
98332
98347
98395
98408
98409
98434
98458
98460
98462
98477
98505
98529
98539
98555
98563
98565
98569
98585
98589
98614
98616
98625
98642
98645
98685
98690
98695
98699
98702
98770
98780
98783
98815
98824
98825
98844
98846
98865
98872
98879
98887
98890
98932
98940
98948
98951
98973
98977
98993
98998
99005
99020
99041
99087
99094
99095
99114
99130
99132
99138
99211
99337
99551
99557
99558
99563
99611
99622
99683
99696
99697
99698
99699
99702
99703
99711
99718
99719
99720
99721
99839
99846
99847
99871
99872
99900
99907
99913
99986
99993
100000
100006
100021
100048
100061
100089
100094
100096
100097
100100
100101
100102
100104
100105
100106
100112
100151
100153
100165
100181
100208
100212
100292
100296
100326
100342
100358
100387
100401
100453
100558
100566
100608
100692
100701
100703
100710
100721
100745
100759
100772
100775
100777
100794
100795
100814
100873
100912
100945
100971
101024
101026
101045
101058
101084
101098
101099
101101
101102
101106
101107
101114
101155
101160
101168
101169
101171
101174
101201
101202
101228
101267
101286
101325
101360
101371
101396
101398
101404
101405
101406
101407
101410
101411
101412
101413
101414
101417
101426
101435
101452
101461
101466
101470
101479
101484
101517
101518
101519
101520
101522
101523
101524
101525
101526
101527
101528
101529
101531
101532
101533
101534
101536
101538
101539
101540
101541
101542
101543
101547
101548
101549
101550
101551
101552
101553
101554
101555
101556
101557
101558
101559
101560
101561
101562
101563
101564
101565
101566
101567
101568
101569
101570
101571
101572
101573
101574
101575
101576
101577
101578
101579
101580
101581
101582
101583
101584
101585
101586
101587
101588
101589
101590
101591
101592
101593
101594
101595
101597
101603
101604
101607
101608
101612
101613
101614
101615
101616
101617
101618
101619
101620
101621
101622
101623
101627
101628
101629
101630
101636
101637
101638
101639
101640
101641
101643
101650
101651
101652
101653
101656
101657
101658
101661
101670
101671
101677
101692
101700
101701
101707
101714
101722
101731
101778
101782
101787
101850
101852
101858
101868
101874
101901
101911
101961
101984
102001
102007
102060
102066
102125
102138
102148
102190
102203
102208
102209
102227
102232
102244
102249
102255
102284
102291
102295
102301
102304
102340
102376
102390
102393
102399
102402
102445
102456
102464
102482
102488
102495
102507
102508
102511
102513
102514
102516
102518
102520
102524
102537
102547
102558
102564
102571
102574
102603
102604
102651
102655
102683
102686
102708
102710
102711
102714
102715
102716
102717
102718
102733
102735
102739
102743
102744
102764
102765
102766
102772
102776
102777
102778
102780
102783
102786
102793
102799
102800
102801
102802
102805
102809
102829
102845
102859
102870
102907
102919
102920
102921
102922
102936
102948
102979
103001
103015
103022
103030
103031
103033
103034
103035
103047
103051
103065
103081
103083
103088
103098
103106
103180
103181
103185
103194
103216
103222
103243
103260
103268
103295
103321
103328
103342
103388
103389
103394
103395
103420
103426
103440
103450
103452
103463
103464
103470
103494
103495
103510
103514
103528
103531
103599
103600
103615
103618
103638
103646
103652
103661
103691
103771
103773
103776
103790
103795
103796
103815
103816
103817
103838
103843
103853
103858
103870
103872
103893
103947
103957
103959
103963
103964
103966
103967
103969
103971
103972
103979
103990
104005
104006
104007
104014
104016
104025
104066
104109
104114
104115
104116
104117
104118
104119
104120
104121
104122
104123
104130
104131
104132
104133
104134
104139
104144
104145
104187
104189
104197
104200
104216
104230
104272
104297
104304
104307
104314
104323
104325
104347
104359
104365
104366
104367
104369
104372
104374
104377
104378
104379
104380
104397
104409
104411
104412
104413
104415
104420
104422
104424
104429
104431
104435
104452
104454
104459
104488
104494
104495
104500
104502
104517
104520
104530
104539
104557
104558
104561
104607
104635
104638
104659
104671
104681
104691
104730
104748
104750
104761
104768
104778
104786
104788
104790
104795
104796
104797
104798
104799
104807
104826
104854
104896
104925
104979
104990
105036
105061
105068
105081
105114
105155
105162
105189
105192
105216
105225
105246
105257
105276
105282
105372
105385
105386
105388
105389
105390
105411
105423
105452
105493
105498
105503
105512
105520
105521
105537
105550
105560
105562
105584
105599
105615
105629
105634
105642
105682
105800
105801
105804
105805
105807
105808
105809
105810
105822
105824
105827
105829
105830
105831
105834
105844
105851
105867
105877
105899
105970
105984
106000
106009
106013
106023
106028
106035
106059
106086
106093
106095
106113
106160
106180
106209
106224
106237
106262
106267
106280
106284
106319
106332
106353
106370
106405
106436
106452
106453
106492
106507
106522
106531
106605
106623
106641
106654
106656
106675
106704
106731
106732
106738
106746
106782
106789
106805
106810
106816
106828
106848
106871
106873
106875
106876
106877
106880
106889
106938
106959
106969
106972
106975
107038
107076
107080
107143
107171
107172
107173
107174
107203
107218
107227
107241
107244
107264
107283
107325
107339
107350
107377
107378
107381
107384
112287
112343
115497
115566
115620
115654
115658
115667
115683
115686
115692
116134
116164
116171
116183
116192
116194
116230
116250
116282
116291
116340
116346
116355
116357
116367
116385
116403
116430
116458
116466
116472
116485
116496
116521
116565
116608
116613
116662
116670
116685
116686
116691
116692
116703
116712
116997
117012
117035
117039
117056
117078
117085
117092
117120
117126
117145
117150
117179
117185
117224
117245
117246
117292
117313
117389
117476
117478
117536
117552
117738
117786
117799
117874
117878
117892
117930
117956
117979
117984
117996
118003
118009
118043
118049
118054
118136
118173
118188
118223
118224
118258
118269
118297
118299
118335
118345
118352
118387
118411
118422
118430
118440
118451
118483
118512
118515
118558
118569
118582
118625
118627
118676
118690
118716
118731
118749
118806
118848
118851
118864
118866
118873
118886
118989
119017
119034
119112
119118
119138
119152
119153
119154
119161
119224
119236
119278
119281
119288
119310
119317
119331
119342
119362
119384
119389
119416
119426
119431
119436
119445
119448
119449
119454
119503
119507
119519
119538
119589
119622
119635
119679
119709
119718
119733
119771
119772
119798
119847
119855
119862
119865
119921
119926
120029
120030
120072
120076
120079
120083
120084
120087
120114
120137
120144
120186
120191
120206
120207
120285
120294
120306
120333
120339
120346
120349
120362
120387
120424
120425
120428
120444
120466
120467
120536
120586
120589
120590
120602
120623
120630
120641
120715
120724
120729
120740
120752
120754
120756
120760
120762
120766
120815
120821
120852
120876
120889
120895
120917
120935
120938
120943
120946
120956
120986
120988
120992
120997
121001
121063
121096
121105
121110
121114
121189
121249
121252
121285
121298
121328
121340
121351
121356
121357
121373
121395
121411
121429
121439
121441
121445
121482
121537
121549
121552
121601
121641
121644
121652
121696
121734
121741
121748
121833
121834
121835
121837
121865
121873
121887
121894
122084
122086
122148
122223
122253
122254
122255
122261
122263
122264
122334
122389
122394
122407
122421
122447
122448
122449
122460
122466
122486
122509
122545
122546
122562
122570
122618
122619
122666
122704
122722
122727
122755
122778
122893
122894
122896
122924
122927
122936
122947
122952
122977
122988
122997
123013
123025
123030
123032
123048
123056
123061
123063
123124
123168
123205
123321
123347
123369
123382
123399
123439
123463
123480
123481
123603
123613
123624
123632
123651
123652
124028
124037
124048
124258
124295
124308
124332
124340
124341
124353
124388
124414
124439
124444
124453
124464
124477
124484
124504
124517
124544
124585
124612
124643
124668
124731
124827
124829
124844
124848
124882
124894
124896
124921
124925
124941
124943
124948
124953
124962
125021
125070
125075
125079
125086
125095
125126
125127
125131
125132
125134
125138
125143
125180
125295
125310
125319
125347
125362
125408
125480
125481
125482
125483
125484
125486
125488
125490
125492
125493
125499
125522
125532
125534
125539
125556
125560
125603
125623
125633
125675
125684
125780
125788
125802
125831
125834
125909
126076
126102
126104
126126
126137
126148
126164
126173
126205
126212
126216
126238
126274
126303
126340
126346
126350
126351
126377
126385
126407
126408
126415
126423
126460
126472
126475
126501
126556
126607
126629
126659
126678
126679
126700
126706
126771
126778
126782
126798
126803
126808
126842
126862
126872
126873
126874
126881
126911
126913
126920
126921
126922
126923
126924
126925
126926
126927
126928
126929
126930
126931
126935
126972
126974
126983
126984
126986
126987
127000
127001
127016
127048
127074
127093
127098
127108
127120
127125
127163
127183
127189
127212
127214
127240
127249
127280
127286
127287
127294
127308
127311
127314
127318
127401
127409
127410
127424
127463
127467
127479
127509
127515
127538
127547
127566
127578
127633
127634
127635
127649
127697
127711
127723
127726
127741
127744
127768
127777
127868
127880
127881
127888
127890
127914
127946
127948
127966
127993
127995
128001
128029
128041
128044
128048
128051
128061
128115
128124
128125
128139
128148
128161
128196
128258
128273
128274
128288
128354
128358
128477
128508
128513
128532
128551
128602
128603
128648
128675
128684
128699
128738
128741
128752
128773
128775
128801
128808
129139
129140
129200
129245
129253
129272
129273
129342
129364
129382
129388
129390
129434
129438
129448
129451
129455
129459
129464
129475
129497
129502
129547
129568
129575
129586
129619
129620
129621
129636
129648
129666
129673
129711
129715
129727
129800
129804
129805
129806
129807
129808
129825
129850
129867
129900
130703
130711
130727
130743
130757
130762
130775
130834
130835
130855
130865
130871
130906
130913
130936
130975
130986
130997
131000
131031
131044
131057
131068
131080
131097
131107
131109
131111
131133
131167
131183
131210
131216
131220
131245
131246
131247
131292
131314
131336
131344
131381
131385
131422
131483
131485
131525
131545
131554
3632674
4343366
5408595
7172579
8302950
9984879
11177115
11545225
11874140
11881172
14176660
14680081
15248300
15438360
15925372
18005902
18312656
22216096
22250119
22814145
24125668
24247428
24882304
25627830
27395521
28111387
29457405
33801092
35002560
35447003
36995191
37892355
38497118
39457629
40751616
43137338
44578040
44684308
50397358
57555452
58146645
59731533
62825501
67611925
69872426
70319776
74083459
75526547
75804997
76274853
76592322
76675500
78092935
79110878
80152827
80400859
80403637
81055699
81140016
82215816
83174562
85308509
86117355
86829527
91974877
93379692
94781704
95745158
96011626
97009753
98059978
98344271
98511335
99248439
101401712
101458673
101463213
101758294
103356778
107261760
108269401
109720489
110564082
110621270
110783084
111739188
112481127
113574077
115042809
115914484
116283934
117564543
118219267
121186622
121200493
121844347
122615063
125341663
128831271
129025455
131271990
132014095
133912652
135383882
137919166
138956439
140135201
140348423
142861060
143456730
144136023
147367164
147632386
147976964
148212874
148318324
151222833
151340141
151846204
152552633
155754594
157310577
159150126
162847908
165368640
167371158
168543474
171719834
171922221
175991017
176655154
176854616
177046668
180525531
181270499
181614656
182891852
182946546
183066046
184851683
186499883
187049107
188644567
190005067
190226593
192205137
192587179
193556903
193628155
197977287
198655907
199859071
201327066
202555682
202583167
203475914
203559976
204250689
206661668
207764969
208408102
208947917
210100368
211109309
211575206
215673327
215699358
215814274
216155021
217048746
219537783
219650915
220375411
223256959
223324256
223836355
226091230
227482749
228640075
228841620
230406857
230653021
230764368
232952844
234683403
234908885
237305335
237759082
237851396
240990314
242476018
242486298
245822230
246041303
253285914
253582542
253759483
254642038
255141259
256525729
261610662
261738795
263985684
264668557
265360949
266310813
267693998
268126832
271131897
272086567
272337439
272581250
272631038
273190735
273607572
274413526
275679921
277337317
280321217
281509322
282654620
283945717
284375105
284791906
288071259
288688330
289707333
292249661
294128478
295502320
296370318
296578633
297694980
299299399
300649349
301610137
302281936
303466637
305145194
305736126
307463560
307581958
307592243
307788707
311902733
314097665
315276943
318409856
320382992
320690370
321821336
322285154
325014455
325166827
329708762
333558636
333742003
334772674
335691404
335758779
336162781
336217921
336658875
339349452
342343798
342406552
346397308
351667248
354117182
354281504
355395772
356916893
357409338
358706993
359949443
360309505
362281160
363299050
366793707
368536927
369711844
370893594
372316846
373673108
374671026
375905374
378931618
379207926
381206908
381359443
382644046
382789311
383770913
384768927
386528396
387870223
389591883
389854373
390005688
390891268
391668144
391911798
392310032
392482066
392833947
393071060
395938179
397817568
397877066
398872672
399682354
399733688
399811728
400315149
403093159
403257699
403647231
407465603
409345457
410075569
410782447
411725143
413283180
413986700
415160965
415775743
416163892
420691529
421515152
421672517
422431869
423141378
423583514
426071678
427056665
427465900
429935735
430054170
431039845
431507693
432003148
434611041
434722442
435541469
435825747
435928112
435987362
436303720
438940961
441338614
442064760
442129594
443281780
443953963
443954575
444009885
447296245
448212694
448217608
448897705
450493179
450667385
452356142
452866459
455250054
455551085
455936006
456412065
456479198
456900448
457250874
460494147
460808158
465368189
465996639
466127191
466998777
467160634
468241028
468296384
468736807
469452217
471688824
474485326
475706330
477251962
479773802
481020100
481356902
482913515
483469333
483798470
484305364
486505508
486979216
487117746
488920744
490342519
491237779
491325353
492032778
493454356
494923066
494968322
499600824
500293946
501283014
501309467
501444639
502962977
502982457
505230488
506182118
506513640
507079534
510174812
510778394
510955959
511004151
511055590
511623829
511640911
512593862
512739766
513714174
513922618
520156923
522015868
522171645
522188264
524156109
527015007
528807998
529455532
529547944
532782411
533655282
534301954
537373573
541268994
541666588
542502287
542965825
543352697
545421878
546438463
546556732
546822899
547098883
547142889
548082815
548506723
550268895
551527505
552296882
556036846
561056653
562620416
562904471
563230788
564047706
566152725
566341647
568178513
568700574
569780861
572706920
575077097
576265992
576578341
578605769
579909017
580141079
586002401
589832254
589895397
592576576
595758291
597090510
598660738
600245863
603182808
603840203
604049346
604327923
604849892
605855730
608052626
608760206
611478194
611817707
612918332
614086025
614419021
614972906
615706270
615904623
618251579
618406295
619791189
621934093
621943389
621973195
622190539
622480407
624327842
625718411
626866605
628997695
630601824
631281320
631400237
633257616
637277654
637559294
638004593
638051676
640245649
640628216
641358216
642389632
642992152
643877131
644210100
645522609
648237040
650209045
652927620
653790883
656260426
656384346
658997971
662883929
663736824
664228676
665228841
665292118
666068838
667621444
669034712
671998712
672249684
672768258
673942471
675560879
675697964
677334135
678954699
679543612
679583059
680052714
680462944
680933156
681550533
682795431
686882574
688243872
690328488
691049629
692209956
692403714
695629107
695842504
697725987
697734477
699305930
702276704
704220435
704415647
704792304
710697236
710931231
711384850
714989028
715161923
715388253
717471227
717486114
717508951
719446867
720199921
720795812
724858126
727017769
727533143
729459334
732137996
739010411
739454261
741014179
744579357
744703988
748421773
749177580
752330515
752720142
754702101
755050905
757422054
757816847
758420238
758831756
760065419
762305372
763489037
765096746
765572767
765823783
767859749
767865973
769173143
772310081
772327976
775122216
775173737
777263764
778356598
779284175
780923631
781976623
782604617
783257567
789588530
789771679
792270592
794171204
794292486
796323292
797882210
798279431
801772228
804611207
806815205
807708857
808289098
808622862
808698725
809194589
809964576
810713297
810730288
810851297
812654983
813571217
815867354
817094245
818635171
823552745
823837422
824015202
825349030
826420357
826510955
827601976
827929908
828227757
828493693
830494887
833926167
834391649
834768524
836235906
837295676
837464104
840176084
840359337
841509688
843754268
843838342
843854694
844961705
847978912
849821219
851727756
853960244
854248805
854365021
858440323
858677460
859326246
859336258
862456230
862671917
863379785
864954643
865423780
865549354
868835753
873114501
873758764
874565597
875774974
881382339
882370122
887078171
889718082
891270775
892976623
893306438
893938889
895064449
896241096
897714818
898367266
898693202
903624123
910601423
911320445
911358535
913267156
914215012
915700537
916905832
918812178
920066290
920215133
920746862
922313627
923991045
924445719
931675767
931998620
932555681
933917949
937976813
938135853
940380801
940955947
943615580
945533493
947177863
948107654
953027912
955027046
955715456
956250295
957164874
960066217
960109064
962896231
962992332
963284653
964990993
965291182
966767031
967589744
968634045
968634737
969523252
970815527
972477947
973255408
973568291
973627828
973966600
974153165
974276295
974506916
974890041
975168578
975937579
976231632
976404573
976573247
977116938
977777125
979965275
980729463
982916434
984247815
984698429
987137805
987203781
988945543
989589646
989634690
990567802
991349293
991877222
994534883
994944152
995159445
995834100
1000993302
1001394938
1003332334
1005516591
1006477703
1006485451
1007361159
1008437210
1009678829
1009905560
1009932777
1010068658
1010935980
1011190486
1011405173
1011584495
1013537770
1013853336
1013896684
1015343561
1019303552
1019639762
1021111470
1022059888
1022396641
1023376538
1024014759
1026743096
1028050173
1030385436
1031733971
1033275388
1033456010
1034071756
1034202188
1034449929
1035469416
1039175862
1043978817
1045474809
1046554670
1047634649
1049079328
1049328984
1049797486
1050354508
1051987017
1055535203
1056772144
1057753762
1058333027
1059316321
1059369730
1060627960
1064210614
1066770101
1067161855
1068038726
1068810190
1070796451
1073765610
1075436395
1080384230
1083161813
1084749380
1086497940
1087760225
1088809926
1089445329
1089821383
1090954378
1091598583
1092029134
1093410404
1093674127
1094578076
1096835160
1097073567
1097919104
1098239238
1098785494
1103236307
1103963078
1104815096
1105351554
1107497538
1109847928
1110476100
1110648409
1111464776
1111665416
1114519976
1115675211
1116639105
1117161088
1117838540
1118887440
1120257327
1120601133
1121235332
1121622158
1122122663
1123233710
1123371824
1124014932
1125937821
1126793320
1127142436
1127486978
1127813444
1133701618
1136449824
1138710374
1141246070
1141898255
1143146435
1144776163
1151930733
1155520684
1157439828
1158574293
1160064384
1161028332
1162462211
1166322110
1167527071
1167753345
1170656994
1175735300
1176780027
1177381408
1177751918
1178869604
1181600445
1182922720
1183265032
1185337085
1187248305
1187484229
1187656504
1189529316
1192620122
1193980845
1196520173
1197245842
1199372316
1200064036
1200174897
1200180497
1202955235
1203534876
1205479287
1205695996
1207018618
1207698669
1207804375
1209010313
1210074110
1211611330
1214478897
1214680066
1216808672
1216841836
1217941471
1219829324
1221738204
1221762467
1221852039
1222696217
1223340720
1223494971
1223536092
1224050629
1226611998
1226691453
1226870265
1229581879
1230243349
1231127527
1231266745
1233391495
1234366928
1235695116
1236332576
1238358657
1240926157
1241843752
1242180499
1242691648
1244498277
1246559457
1246899453
1247068539
1248145598
1249599054
1250772261
1254438359
1254613424
1255308213
1258549624
1259063386
1260630686
1262177896
1266882111
1269735532
1271172171
1273345930
1273455061
1277806058
1280311030
1280703319
1280980709
1283491346
1285670477
1286661321
1286778866
1288079475
1291541417
1292186546
1292204656
1293059699
1294166453
1296644680
1297366384
1299900334
1299983738
1300657934
1301584860
1302918596
1304352703
1305917797
1306767501
1308465441
1310416381
1311606855
1312033227
1315371718
1317294063
1317657077
1318182008
1321583452
1323481211
1323604224
1323997008
1324237030
1326329449
1328462178
1330307686
1332156417
1332931673
1333242819
1333717796
1334634191
1335743114
1337290170
1338004972
1338459347
1342619952
1344359032
1347497013
1347622707
1351233286
1351617634
1354117997
1354598340
1357943728
1358989907
1362523401
1365028063
1365237404
1365593825
1366042272
1367814605
1368248392
1370230344
1372613708
1373516355
1373727147
1373831277
1374418869
1376787256
1377409261
1377431527
1380575844
1381678219
1383282523
1384567500
1385435782
1386973527
1387260025
1388532467
1388733594
1389988342
1391065144
1392760879
1395914621
1396257302
1401007474
1402011260
1402484461
1402621791
1405303212
1405920754
1408644950
1409288877
1410530669
1416178038
1420240584
1420994739
1421910300
1422158159
1422982910
1423715100
1423904035
1424268089
1425420341
1426299641
1426832991
1429578460
1434145765
1438036627
1439479551
1440410571
1440608196
1441202824
1441506580
1441588052
1443888682
1444006357
1444209119
1444359889
1444925489
1445619461
1448124530
1448797199
1449127041
1450125481
1450166071
1450595014
1454187696
1454422842
1455371766
1457769158
1459466190
1460027673
1460909025
1465856145
1465974088
1466400948
1467684076
1468413317
1469834209
1475236356
1475502994
1478805883
1481349036
1481589502
1483235162
1485195994
1485741880
1487566708
1487884617
1488103718
1488302115
1488854136
1492660394
1492750039
1495414495
1496122965
1496352474
1496713084
1498040610
1499049407
1502938360
1503233549
1505240320
1509409632
1513107226
1516256615
1517767026
1517921916
1517944583
1518342027
1518497778
1521547960
1521894048
1522538802
1525919828
1526688602
1526802309
1527340803
1528996603
1529526350
1530795102
1531109610
1531539622
1532727448
1533408381
1534570144
1536360294
1536386263
1537618439
1538236727
1538258361
1538624376
1539886709
1540204191
1540683502
1540686942
1541115737
1544095215
1547465608
1547674356
1549567741
1549721135
1553137012
1555182554
1555547191
1556324920
1557156573
1559174298
1560641479
1560857330
1561618082
1561908731
1562452827
1562739351
1563226971
1565076531
1565805802
1568018597
1568721847
1569766811
1572662081
1574271271
1575424096
1576463751
1576720535
1579223832
1579958259
1585500618
1585538894
1586844067
1586912048
1587585055
1594574845
1595973843
1598947138
1599538778
1600564056
1600898706
1601158606
1602746142
1603961983
1604105854
1604244836
1605357406
1605661809
1606103469
1607938958
1608782286
1609452222
1610190551
1615081045
1617175353
1618142822
1618276973
1619435836
1619934131
1621807214
1622123158
1622176262
1624151713
1625133765
1629193922
1630379370
1630906432
1631181367
1631295890
1631477879
1633259183
1633634167
1633816128
1634413010
1634970006
1635662712
1636133985
1638922979
1639152071
1639767509
1641225711
1643900777
1644616697
1645357341
1646418095
1647741140
1648444052
1650044891
1651959162
1653066566
1654376120
1656388725
1656854081
1658124392
1661633711
1662311327
1663846553
1664163753
1665672476
1668129141
1671714443
1672493009
1674597217
1675752996
1676424178
1676991459
1677122845
1677706344
1679554682
1680138476
1680228460
1683978174
1686057647
1688111967
1691209074
1692269882
1692763533
1693375790
1693757499
1693889655
1694501861
1695735206
1698342272
1698438699
1698926426
1699775851
1704000400
1706057095
1706387875
1706515743
1706915049
1708186759
1709751232
1710820886
1711592499
1711846920
1711995339
1714114663
1718876104
1719215363
1722600861
1722703600
1723316197
1723479371
1723789607
1725370504
1725475277
1726853878
1727887815
1728157453
1728162418
1731418092
1734847623
1737452955
1737924893
1738653708
1740545434
1743271883
1743280718
1743523607
1743895189
1744908646
1745536861
1746441081
1747265822
1747283738
1748678543
1751374831
1755184990
1756384010
1758594939
1759411011
1759890576
1764388412
1764697578
1766148708
1767930412
1769192272
1770615261
1771971504
1773180697
1774322673
1776021276
1777355631
1778049831
1778163703
1778382802
1781003758
1781586746
1782281960
1784532193
1785106342
1786958663
1787078041
1787313445
1787618505
1788828700
1789154437
1791413627
1792908684
1794977648
1795066077
1795819029
1799481333
1799494796
1800687605
1801181660
1804011417
1804154852
1804566985
1808147538
1808720518
1812092828
1812351154
1814170419
1814471228
1814793462
1814848850
1814877623
1815586791
1816408573
1817265915
1818034580
1819746049
1820274774
1820579825
1820963016
1821407425
1823833592
1829061189
1831000947
1833276554
1834104470
1837121017
1837302049
1839573519
1842889696
1845250595
1845455050
1846096745
1846954681
1848857974
1849788556
1852210454
1853732654
1855018129
1856976082
1859312165
1860237803
1861429951
1862557161
1862740912
1866491079
1866752701
1866893740
1868553043
1868642516
1869279888
1873108097
1873854032
1875609077
1876285354
1876523082
1882537129
1884571335
1885779872
1886521111
1886861874
1887407835
1888282201
1888362009
1889028969
1889266748
1890910882
1891599549
1891779515
1892632231
1892980180
1896205223
1897675623
1898723011
1898800250
1899286612
1900102373
1900196592
1902983267
1903055303
1903839734
1907644739
1908882478
1909147345
1912107812
1912866555
1914738923
1917245734
1920505768
1921231717
1924651878
1924976038
1925618813
1925681194
1925746685
1927272150
1927900205
1927926610
1928562171
1928576781
1929925226
1934589243
1934593843
1937304417
1939298519
1941631162
1941641640
1941944735
1943652822
1944508593
1945314401
1946093066
1946525558
1946819105
1946998623
1947445049
1948965968
1949800870
1955261138
1957382151
1957996306
1958236305
1958358205
1959370730
1959900029
1961393536
1962699242
1963171869
1963626664
1963869519
1964041978
1964131626
1964716027
1967242780
1967650474
1968891162
1969262925
1974048517
1975490237
1975981614
1976045919
1978441762
1980694387
1986715058
1987314073
1987431189
1987711425
1988488556
1990153056
1993778747
1996452682
1996826746
1997929403
1998325668
1999131271
1999169590
2000810657
2001465542
2003308944
2004824823
2005839140
2006218788
2007499561
2007738403
2012512818
2012740165
2014412000
2019532054
2020454080
2021515235
2021605259
2026288864
2027143997
2027177634
2030547707
2030549749
2031276765
2031411537
2033683223
2035644917
2036791090
2037182388
2037530706
2037676826
2039872533
2040621383
2040982810
2044084846
2045058042
2047342041
2047505359
2047541477
2048001664
2048364650
2051468066
2051564039
2058303965
2058799113
2059704563
2060291607
2060422010
2060927327
2061041405
2061536278
2061615889
2066029035
2066444133
2070471195
2071390157
2071912748
2071969001
2074581038
2074935562
2075662764
2077099385
2077712670
2077743862
2079014566
2079120364
2080560461
2083927039
2085359348
2085598293
2086016434
2086298314
2088533190
2088569550
2089212838
2089521438
2089604737
2090653440
2091734647
2092230271
2097032046
2102858928
2103810625
2103885776
2105129337
2106596376
2107242063
2107484722
2108987633
2109407641
2111292518
2112122796
2113822744
2114779699
2115584747
2115821460
2119634215
2119891238
2121166312
2122550562
2123398683
2124502842
2124548416
2125409139
2125906496
2127314467
2128351450
2132097609
2134785632
2136851658
2139839185
2145813067
2145880605
2146111788
2147472874
